2024-07-05 00:00:00	3	22.3	22.3	22.5	67.2	1.5	189	0
2024-07-05 00:00:00	6	26.9	26.7	27	32.1	2.1	336	0
2024-07-05 00:00:00	16	31.1	31	31.2	21.8	4.7	14	0
2024-07-05 00:00:00	20	23	23	23.1	40.2	1.8	60	0
2024-07-05 00:00:00	27	24.2	24	24.2	35.9	1.6	181	0
2024-07-05 00:00:00	29	14.7	14.7	14.8	46.5	0.6	130	0
2024-07-05 00:00:00	43	24.6	24.5	24.8	49.7	0.8	221	0
2024-07-05 00:00:00	49	27.7	27.6	27.9	53.7	2	4	0
2024-07-05 00:00:00	51	25.6	25.3	26	28.3	0.9	334	0
2024-07-05 00:00:00	67	25.7	25.6	26	37.2	3.5	48	0.0
2024-07-05 00:00:00	76	21.6	21.4	21.9	88.7	2.5	312	0.0
2024-07-05 00:00:00	80	19.7	19.6	19.8	70.3	0.3	205	0.0
2024-07-05 00:00:00	82	25.2	25	25.3	100	0.7	334	0.0
2024-07-05 00:00:00	87	19	18.4	19.8	94	1.3	82	0.0
2024-07-05 00:00:00	89	29	28.9	29.1	8.7	3.8	210	0.0
2024-07-05 00:00:00	92	22.9	21.8	24	60.6	0	0	0.0
2024-07-05 00:00:00	97	16.9	15.1	18.2	86.9	0.7	333	12.0
2024-07-05 00:00:00	98	20	18.5	21.3	75.1	0.8	360	0.0
2024-07-05 00:00:00	99	21.7	20.7	22.9	61.7	1.3	347	14.5
2024-07-05 00:00:00	100	19.6	18.2	21.2	82.9	0.6	30	0.0
2024-07-05 00:00:00	101	19.8	18.7	21.3	63.7	3.1	352	12.0
2024-07-05 00:00:00	102	21.8	20.2	23	49.1	2	47	0.0
2024-07-05 00:00:00	103	29.3	27.5	30.7	24	6.7	245	0.0
2024-07-05 00:00:00	104	20.5	17.6	23	82.9	1.4	200	0.05
2024-07-05 00:00:00	106	21	19.5	22.8	64.3	0.8	177	0.0
2024-07-05 00:10:00	3	22.5	22.4	22.9	64.9	1.5	181	0
2024-07-05 00:10:00	6	26.8	26.8	27	31.2	1.9	345	0
2024-07-05 00:10:00	16	31	30.9	31.1	22.6	4.2	11	0
2024-07-05 00:10:00	20	23.1	23	23.2	40.1	2	65	0
2024-07-05 00:10:00	27	23.9	23.5	24	37.1	1.3	178	0
2024-07-05 00:10:00	29	14.5	14.3	14.7	48.2	1.1	154	0
2024-07-05 00:10:00	43	24.3	24.2	24.5	51.9	0.7	114	0
2024-07-05 00:10:00	49	27.5	27.3	27.6	55.8	2	0	0
2024-07-05 00:10:00	51	24.9	24.6	25.3	29.8	0.7	339	0
2024-07-05 00:10:00	67	25.5	25.3	25.6	33.3	3.8	48	0.0
2024-07-05 00:10:00	76	21.3	21.3	21.4	89.7	2.7	333	0.0
2024-07-05 00:10:00	80	19.3	19.1	19.6	78.4	0.8	171	0.0
2024-07-05 00:10:00	82	24.8	24.6	25	100	0.7	348	0.0
2024-07-05 00:10:00	87	18.4	18.4	18.4	99.9	2.1	83	0.0
2024-07-05 00:10:00	89	28.8	28.7	28.9	8.9	3.3	204	0.0
2024-07-05 00:10:00	92	22.7	21.5	24	61.5	0	0	0.0
2024-07-05 00:10:00	97	16.7	15.2	18.1	87.7	0.6	338	12.0
2024-07-05 00:10:00	98	20	18.5	21.3	75.7	1.4	16	0.0
2024-07-05 00:10:00	99	21.4	20.1	22.6	63.7	1.4	355	14.5
2024-07-05 00:10:00	100	19.6	17.8	21.2	85.3	0.5	48	0.0
2024-07-05 00:10:00	101	20	18.6	21.1	63.4	3.3	356	12.0
2024-07-05 00:10:00	102	22.4	21.1	23.5	46.2	2.4	41	0.0
2024-07-05 00:10:00	103	29.1	27.8	30.6	24.3	6.7	243	0.0
2024-07-05 00:10:00	104	21.8	18.6	24.6	68.8	2	198	0.9
2024-07-05 00:20:00	106	20.8	19.2	22.9	64.2	0.5	156	0.0
2024-07-05 00:20:00	3	23.1	22.9	23.3	60.6	1.4	189	0
2024-07-05 00:20:00	6	27.1	26.8	27.5	28.1	2.2	344	0
2024-07-05 00:20:00	16	30.9	30.8	30.9	23.5	4.4	13	0
2024-07-05 00:20:00	20	23	23	23.1	41.2	1.9	70	0
2024-07-05 00:30:00	27	23.9	23.8	24	34.7	1.7	176	0
2024-07-05 00:20:00	29	14.4	14	14.7	48.2	0.8	123	0
2024-07-05 00:20:00	43	24	23.9	24.2	52.8	1.1	129	0
2024-07-05 00:20:00	49	27.1	27	27.3	58.2	2	356	0
2024-07-05 00:20:00	51	24.3	24.1	24.6	31	0.7	342	0
2024-07-05 00:20:00	67	25.4	25.2	25.5	30.9	4	45	0.0
2024-07-05 00:20:00	76	21.2	21.1	21.3	90.5	2.4	327	0.0
2024-07-05 00:30:00	80	19.2	19.1	19.5	64.1	0.4	228	0.0
2024-07-05 00:30:00	82	24.7	24.5	24.9	99.8	1	328	0.0
2024-07-05 00:30:00	87	17.9	17.8	18	100	1.6	90	0.0
2024-07-05 00:20:00	89	28.7	28.7	28.8	8.7	3.8	209	0.0
2024-07-05 00:30:00	92	22.3	21.1	23.2	66.5	0	0	0.0
2024-07-05 00:20:00	97	16.4	14.6	18.2	88.8	0.6	352	12.0
2024-07-05 00:30:00	98	21.7	20.1	22.9	68.2	2.2	16	0.0
2024-07-05 00:20:00	99	21.3	20.2	22.6	61.5	1.8	358	14.0
2024-07-05 00:20:00	100	19.3	17.6	21.1	94.9	0.9	45	0.0
2024-07-05 00:20:00	101	19.9	18.7	21.2	62.7	3.4	355	12.0
2024-07-05 00:20:00	102	22.5	21.2	23.4	46.3	2.6	37	0.0
2024-07-05 00:20:00	103	29.2	27.6	30.7	24.2	7	245	0.0
2024-07-05 00:20:00	104	22.7	19.8	24.7	61.7	2.2	190	0.15
2024-07-05 00:30:00	106	21	19.1	22.9	65.7	0.8	174	0.0
2024-07-05 00:40:00	3	22.5	22.3	22.9	64.5	1.2	191	0
2024-07-05 00:30:00	6	27.6	27.5	27.8	25.9	2	346	0
2024-07-05 00:30:00	16	30.8	30.8	30.9	24.2	5	17	0
2024-07-05 00:30:00	20	22.9	22.7	23.1	42.1	1.5	65	0
2024-07-05 00:30:00	27	23.9	23.8	24	34.7	1.7	176	0
2024-07-05 00:30:00	29	14.7	14.5	14.7	46.5	0.5	133	0
2024-07-05 00:30:00	43	24	23.9	24	51.7	1.1	131	0
2024-07-05 00:30:00	49	26.9	26.8	27	59.6	1.9	5	0
2024-07-05 00:30:00	51	23.9	23.8	24.1	32.2	0.8	337	0
2024-07-05 00:30:00	67	25.5	25.3	25.8	28.7	3.4	42	0.0
2024-07-05 00:40:00	76	20.7	20.4	20.9	98.7	1.2	298	0.0
2024-07-05 00:40:00	80	19.5	19.2	19.7	65.8	0.9	135	0.0
2024-07-05 00:30:00	82	24.7	24.5	24.9	99.8	1	328	0.0
2024-07-05 00:30:00	87	17.9	17.8	18	100	1.6	90	0.0
2024-07-05 00:30:00	89	28.7	28.7	28.8	8.7	3.6	220	0.0
2024-07-05 00:30:00	92	22.3	21.1	23.2	66.5	0	0	0.0
2024-07-05 00:40:00	97	16.3	14.3	18	87.4	0.6	337	12.0
2024-07-05 00:40:00	98	21.6	20.2	23	67.3	2.4	17	0.0
2024-07-05 00:40:00	99	21.8	20.7	23	60.4	1.2	2	14.0
2024-07-05 00:30:00	100	18.8	17.4	20.3	99.7	0.6	72	0.0
2024-07-05 00:30:00	101	19.9	18.7	21.1	62.8	3.1	351	12.0
2024-07-05 00:30:00	102	22.1	20.9	23.2	47.3	1.9	27	0.0
2024-07-05 00:30:00	103	29.1	27.4	30.7	24	7.2	249	0.0
2024-07-05 00:30:00	104	23.4	21.5	25.7	56.2	2.9	173	0.0
2024-07-05 00:30:00	106	21	19.1	22.9	65.7	0.8	174	0.0
2024-07-05 00:40:00	3	22.5	22.3	22.9	64.5	1.2	191	0
2024-07-05 00:40:00	6	27.9	27.8	27.9	24.7	2	350	0
2024-07-05 00:40:00	16	30.8	30.7	30.9	24.7	5.4	18	0
2024-07-05 00:40:00	20	22.7	22.6	22.8	42.9	1.5	83	0
2024-07-05 00:40:00	27	23.7	23.7	23.8	35	1.5	180	0
2024-07-05 00:40:00	29	14.4	14.3	14.6	47.6	1	158	0
2024-07-05 00:40:00	43	23.7	23.5	23.9	53.6	0.6	120	0
2024-07-05 00:40:00	49	26.9	26.9	26.9	60.8	2.3	1	0
2024-07-05 00:50:00	51	23.4	23.2	23.7	33.7	1	30	0
2024-07-05 00:40:00	67	25.9	25.7	26	25.5	3.1	40	0.0
2024-07-05 00:40:00	76	20.7	20.4	20.9	98.7	1.2	298	0.0
2024-07-05 00:40:00	80	19.5	19.2	19.7	65.8	0.9	135	0.0
2024-07-05 00:40:00	82	24.5	24.4	24.6	100	1.1	343	0.0
2024-07-05 00:40:00	87	18	17.8	18.2	98.7	2.5	81	0.0
2024-07-05 00:40:00	89	28.7	28.6	28.7	8.9	3.3	226	0.0
2024-07-05 00:40:00	92	21.9	20.8	22.9	67.9	0	0	0.0
2024-07-05 00:50:00	97	16.3	14.9	18.1	86.8	0.6	335	12.0
2024-07-05 00:50:00	98	21.9	20.7	23.5	65.3	2.5	16	0.0
2024-07-05 00:40:00	99	21.8	20.7	23	60.4	1.2	2	14.0
2024-07-05 00:40:00	100	18.3	16.9	19.8	99.8	0.6	33	0.0
2024-07-05 00:40:00	101	19.6	18.4	20.8	63.7	2.9	353	11.5
2024-07-05 00:40:00	102	22.2	20.8	23.2	47.9	1.6	25	0.0
2024-07-05 00:40:00	103	29.1	27.6	30.2	24.1	6	249	0.0
2024-07-05 00:40:00	104	24.4	22.1	26.3	53.4	2.4	168	0.0
2024-07-05 00:50:00	106	20.7	18.9	22.4	64.8	0.8	166	0.0
2024-07-05 01:00:00	3	21.2	21	21.6	74.3	1.5	173	0
2024-07-05 01:00:00	6	28.1	28.1	28.2	23.6	2.4	357	0
2024-07-05 01:00:00	16	30.5	30.3	30.6	25.5	5	16	0
2024-07-05 01:00:00	20	21.6	21.4	21.8	48	1.8	100	0
2024-07-05 01:00:00	27	23.3	22.9	23.3	37.1	1.4	177	0
2024-07-05 01:00:00	29	14.2	14.1	14.4	48.1	0.6	158	0
2024-07-05 01:00:00	43	23.2	23	23.3	55.8	1.1	123	0
2024-07-05 01:00:00	49	26.9	26.9	27	60.6	1.8	10	0
2024-07-05 01:00:00	51	23.3	23.2	23.5	34.5	0.3	18	0
2024-07-05 01:00:00	67	25.5	24.9	25.8	25.2	3.4	42	0.0
2024-07-05 01:00:00	76	20.8	20.7	20.8	98.6	3.2	328	0.0
2024-07-05 01:00:00	80	19.3	19.1	19.4	68.8	0.4	139	0.0
2024-07-05 01:00:00	82	24.1	24	24.1	100	0.7	325	0.0
2024-07-05 01:00:00	87	18	17.9	18.1	94.4	2.4	74	0.0
2024-07-05 01:00:00	89	27.3	26.6	28	14.3	1.5	273	0.0
2024-07-05 01:00:00	92	21.7	20.6	23.4	70.2	0	0	0.0
2024-07-05 01:00:00	97	16.4	14.6	18.1	83.7	0.6	342	11.5
2024-07-05 01:00:00	98	21.7	20.3	22.9	66	1.7	17	0.0
2024-07-05 01:00:00	99	21.3	20.2	22.5	60.8	1.2	359	14.0
2024-07-05 01:00:00	100	18	16.4	19.7	99.8	0.9	69	0.0
2024-07-05 01:00:00	101	19.3	18.2	20.6	64.5	2.6	348	11.5
2024-07-05 01:00:00	102	21.7	20.6	22.8	49.4	2	13	0.0
2024-07-05 01:00:00	103	29	27.6	30.2	24.1	6.6	251	0.0
2024-07-05 01:00:00	104	24.1	21.8	25.9	55.2	2.5	163	0.0
2024-07-05 01:00:00	106	20.9	19.1	22.8	65.2	0.9	160	0.0
2024-07-05 01:10:00	3	21.4	21.1	21.6	73	2	170	0
2024-07-05 01:10:00	6	27.7	27.3	28.1	25.2	2.1	3	0
2024-07-05 01:10:00	16	30.2	30	30.4	26.1	4.7	24	0
2024-07-05 01:10:00	20	21.1	20.9	21.4	53.2	1.5	106	0
2024-07-05 01:10:00	27	22	21.2	22.8	45	1	176	0
2024-07-05 01:10:00	29	14.7	14.2	15.1	44.1	0.5	114	0
2024-07-05 01:10:00	43	23	23	23	58.2	1.6	123	0
2024-07-05 01:10:00	49	26.9	26.7	26.9	62.7	1.5	20	0
2024-07-05 01:10:00	51	23	22.8	23.2	35.3	0.4	17	0
2024-07-05 01:10:00	67	25.2	24.9	25.5	24.5	3.6	41	0.0
2024-07-05 01:10:00	76	20.8	20.8	20.9	94.7	3	326	0.0
2024-07-05 01:10:00	80	19.3	19.3	19.4	63.5	0.3	10	0.0
2024-07-05 01:10:00	82	23.8	23.7	24	100	0.5	321	0.0
2024-07-05 01:10:00	87	17.8	17.7	17.9	94.5	2.1	80	0.0
2024-07-05 01:10:00	89	26.2	25.9	26.6	17.9	1.7	261	0.0
2024-07-05 01:10:00	92	22.1	20.9	23.1	69.1	0	0	0.0
2024-07-05 01:10:00	97	16.4	14.6	18.1	85.8	0.9	350	11.5
2024-07-05 01:10:00	98	21.2	20.1	22.5	70.6	1	53	0.0
2024-07-05 01:10:00	99	20.5	19.1	22	63.6	1.1	339	14.0
2024-07-05 01:10:00	100	18.1	16.5	19.8	99.7	1.2	59	0.0
2024-07-05 01:10:00	101	19.4	18.1	20.4	64.8	3	351	11.5
2024-07-05 01:10:00	102	21.2	20.2	22.4	50.9	1.8	12	0.0
2024-07-05 01:10:00	103	28.9	27.2	30.2	24.4	6	245	0.0
2024-07-05 01:10:00	104	23.9	22.1	26.2	53.9	2.2	161	0.0
2024-07-05 01:10:00	106	20.4	18.7	22.1	66.9	0.9	166	0.0
2024-07-05 01:20:00	3	21.7	21.6	21.8	71.8	2	178	0
2024-07-05 01:20:00	6	27	26.8	27.3	26.8	1.7	4	0
2024-07-05 01:20:00	16	30.1	30	30.1	26.3	4.6	32	0
2024-07-05 01:20:00	20	20.6	20.2	20.9	56.8	1.2	106	0
2024-07-05 01:20:00	27	20.8	20.4	21.2	51.6	1.3	177	0
2024-07-05 01:20:00	29	15.3	15	15.6	41.3	0.5	94	0
2024-07-05 01:20:00	43	23.1	23	23.1	59.4	1.7	131	0
2024-07-05 01:20:00	49	26.5	26.4	26.6	65.6	1.6	3	0
2024-07-05 01:20:00	51	22.7	22.6	22.9	36.6	0.8	322	0
2024-07-05 01:20:00	67	26.1	25.5	26.4	19.3	3.1	31	0.0
2024-07-05 01:20:00	76	20.9	20.9	21	92.3	3.3	327	0.0
2024-07-05 01:20:00	80	19.4	19.1	19.5	66.2	0.3	329	0.0
2024-07-05 01:20:00	82	23.7	23.6	23.8	100	0.6	317	0.0
2024-07-05 01:20:00	87	17.8	17.7	17.8	91.8	2.2	80	0.0
2024-07-05 01:20:00	89	25.8	25.8	25.9	18	2.1	235	0.0
2024-07-05 01:20:00	92	22.1	20.8	23.1	67.9	0	0	0.0
2024-07-05 01:20:00	97	16	14.3	17.4	91.7	0.9	332	11.5
2024-07-05 01:20:00	98	20.4	18.6	22	78.2	0.5	156	0.0
2024-07-05 01:20:00	99	20.6	19.3	22	61.9	1.4	356	13.5
2024-07-05 01:20:00	100	18.4	16.7	19.8	99.8	1.3	58	0.0
2024-07-05 01:20:00	101	18.9	17.9	20.2	64.9	3	353	11.5
2024-07-05 01:20:00	102	20.9	19.7	21.9	52.5	1.5	23	0.0
2024-07-05 01:20:00	103	28.7	27.2	30	24.1	6.4	246	0.0
2024-07-05 01:20:00	104	24.1	22.5	26.2	53.1	2	158	0.0
2024-07-05 01:20:00	106	20.4	18.6	22.1	66.9	0.7	158	0.0
2024-07-05 01:30:00	3	22.2	21.8	22.6	68.2	2.1	200	0
2024-07-05 01:30:00	6	26.7	26.6	26.8	26.9	2.3	357	0
2024-07-05 01:30:00	16	30.1	30	30.1	26.4	4.5	35	0
2024-07-05 01:30:00	20	20	19.8	20.2	57.7	1.3	103	0
2024-07-05 01:30:00	27	20.4	20.2	20.4	53.2	1.1	174	0
2024-07-05 01:30:00	29	15.4	15	15.6	41.9	0.7	106	0
2024-07-05 01:30:00	43	23	22.9	23.1	59.3	1.1	131	0
2024-07-05 01:30:00	49	26.4	26.4	26.5	64.5	1.8	1	0
2024-07-05 01:40:00	51	22.2	22.1	22.3	39.1	0.8	9	0
2024-07-05 01:30:00	67	26.4	26.1	26.6	17.4	3	29	0.0
2024-07-05 01:30:00	76	20.7	20.6	20.9	93.9	4	325	0.0
2024-07-05 01:40:00	80	18.3	18.2	18.5	86.2	0.3	160	0.0
2024-07-05 01:40:00	82	24	23.5	24.4	97.8	1.5	343	0.0
2024-07-05 01:40:00	87	18.1	18	18.1	80.4	2.2	87	0.0
2024-07-05 01:30:00	89	25.9	25.6	26	18.2	2	214	0.0
2024-07-05 01:30:00	92	22	20.8	23.1	68.7	0	0	0.0
2024-07-05 01:40:00	97	15.7	13.8	17.4	90.4	1.2	13	11.5
2024-07-05 01:30:00	98	19.7	17.6	21.3	84.1	0.5	266	0.0
2024-07-05 01:30:00	99	20.7	19.2	22	62.8	1.7	0	13.5
2024-07-05 01:30:00	100	18.4	16.9	19.8	99.8	1.2	71	0.0
2024-07-05 01:30:00	101	19.2	18	20.4	64.4	3.5	354	11.5
2024-07-05 01:30:00	102	20.5	19.1	21.7	53.9	1.5	9	0.0
2024-07-05 01:30:00	103	29	27.4	30.2	24.1	6	247	0.0
2024-07-05 01:30:00	104	23.9	21.9	25.7	52.1	2.3	165	0.0
2024-07-05 01:30:00	106	20.4	18.7	22.1	66.5	0.8	154	0.0
2024-07-05 01:40:00	3	23	22.6	23.3	64.4	2	205	0
2024-07-05 01:40:00	6	26.8	26.7	26.8	25.8	2.5	1	0
2024-07-05 01:40:00	16	29.8	29.6	30	26.9	2.9	31	0
2024-07-05 01:40:00	20	19.6	19.5	19.8	59	1	92	0
2024-07-05 01:50:00	27	21.3	21	21.8	43.7	1.5	186	0
2024-07-05 01:40:00	29	14.9	14.9	15	43.5	0.6	125	0
2024-07-05 01:40:00	43	23	22.9	23.2	56.3	1.1	157	0
2024-07-05 01:50:00	49	26.3	26.2	26.4	65.7	1.9	356	0
2024-07-05 01:40:00	51	22.2	22.1	22.3	39.1	0.8	9	0
2024-07-05 01:40:00	67	26.2	25.9	26.3	19.1	3.3	32	0.0
2024-07-05 01:40:00	76	20.6	20.5	20.6	94.2	3.8	324	0.0
2024-07-05 01:40:00	80	18.3	18.2	18.5	86.2	0.3	160	0.0
2024-07-05 01:50:00	82	24.6	24.4	24.8	86	1.3	346	0.0
2024-07-05 01:40:00	87	18.1	18	18.1	80.4	2.2	87	0.0
2024-07-05 01:40:00	89	25.5	25.3	25.6	19.6	1.4	209	0.0
2024-07-05 01:50:00	92	22.2	20.8	23.2	66.7	0	0	0.0
2024-07-05 01:40:00	97	15.7	13.8	17.4	90.4	1.2	13	11.5
2024-07-05 01:50:00	98	18.6	16.8	20.1	84	0.7	304	0.0
2024-07-05 01:40:00	99	21	19.6	22	61.6	1.8	1	13.5
2024-07-05 01:40:00	100	18.3	16.9	19.7	99.8	0.8	63	0.0
2024-07-05 01:40:00	101	19	18	20.4	64.5	3.5	353	11.5
2024-07-05 01:40:00	102	19.9	18.6	21.3	57.6	1	326	0.0
2024-07-05 01:40:00	103	28.9	27.5	30	23.7	5.8	243	0.0
2024-07-05 01:40:00	104	23.9	21.5	26.3	49.1	2.7	184	0.0
2024-07-05 01:40:00	106	19.9	18.5	21.9	65.4	0.7	158	0.0
2024-07-05 01:50:00	3	23.3	23.3	23.4	62.5	2	205	0
2024-07-05 02:00:00	6	26.7	26.6	26.7	25.7	2.1	1	0
2024-07-05 01:50:00	16	29.4	29.3	29.6	27.5	2	30	0
2024-07-05 01:50:00	20	19.8	19.7	19.9	56.8	1.6	101	0
2024-07-05 01:50:00	27	21.3	21	21.8	43.7	1.5	186	0
2024-07-05 01:50:00	29	14.9	14.8	15.1	42.9	0.7	121	0
2024-07-05 01:50:00	43	23.1	23	23.2	54.2	1	169	0
2024-07-05 01:50:00	49	26.3	26.2	26.4	65.7	1.9	356	0
2024-07-05 02:00:00	51	22.3	22.2	22.5	38.3	1.2	1	0
2024-07-05 01:50:00	67	26.2	26.1	26.4	17	3.3	19	0.0
2024-07-05 01:50:00	76	20.4	20.3	20.6	96	4.2	326	0.0
2024-07-05 01:50:00	80	18.2	18.1	18.4	81.3	0.3	129	0.0
2024-07-05 02:00:00	82	25.1	24.8	25.4	74.6	1.2	358	0.0
2024-07-05 01:50:00	87	18.1	18	18.2	78.9	2.7	80	0.0
2024-07-05 01:50:00	89	25.2	24.8	25.4	21	1	225	0.0
2024-07-05 01:50:00	92	22.2	20.8	23.2	66.7	0	0	0.0
2024-07-05 02:00:00	97	18.3	16.2	20.3	59.3	1.7	23	11.5
2024-07-05 01:50:00	98	18.6	16.8	20.1	84	0.7	304	0.0
2024-07-05 01:50:00	99	21.5	20.1	22.8	56.9	1.8	3	13.5
2024-07-05 01:50:00	100	18.1	16.8	19.8	99.8	1.3	63	0.0
2024-07-05 01:50:00	101	19.3	18	20.4	64.7	3.4	356	11.0
2024-07-05 01:50:00	102	19.5	18.4	20.6	58.8	0.9	311	0.0
2024-07-05 01:50:00	103	28.7	27.3	30.2	23.9	5.3	239	0.0
2024-07-05 01:50:00	104	25.2	22.5	27	41.9	2.4	198	0.0
2024-07-05 01:50:00	106	20.2	18.5	22.1	63.3	0.9	162	0.0
2024-07-05 02:00:00	3	23.3	23.2	23.4	62.3	1.7	204	0
2024-07-05 02:10:00	6	26.5	26.4	26.6	25.9	2.2	4	0
2024-07-05 02:00:00	16	29.3	29.2	29.3	27.5	1.4	54	0
2024-07-05 02:00:00	20	19.7	19.6	19.9	56.7	2	98	0
2024-07-05 02:10:00	27	21.9	21.4	22.4	44.7	1.1	177	0
2024-07-05 02:00:00	29	15.4	15.1	15.8	40.5	1	91	0
2024-07-05 02:00:00	43	22.7	22.5	23	56.9	0.7	121	0
2024-07-05 02:00:00	49	26.4	26.3	26.5	65.7	1.8	0	0
2024-07-05 02:10:00	51	22.4	22.3	22.6	38.2	0.9	17	0
2024-07-05 02:00:00	67	26.1	25.9	26.3	18.2	3.5	22	0.0
2024-07-05 02:00:00	76	20.2	20.1	20.3	98.9	4.2	332	0.0
2024-07-05 02:00:00	80	18.4	18.2	18.4	84.2	0.4	111	0.0
2024-07-05 02:00:00	82	25.1	24.8	25.4	74.6	1.2	358	0.0
2024-07-05 02:00:00	87	17.9	17.8	18	83.3	2.4	78	0.0
2024-07-05 02:00:00	89	23.6	22.4	24.8	34.9	0.8	306	0.0
2024-07-05 02:00:00	92	22.5	21.2	23.6	64.3	0	0	0.0
2024-07-05 02:10:00	97	19.2	17.3	21.8	53	1.6	28	11.5
2024-07-05 02:10:00	98	18	16.4	19.2	91.2	0.3	0	0.0
2024-07-05 02:00:00	99	22.1	21.1	23.1	54.7	1.5	3	13.5
2024-07-05 02:00:00	100	18.2	16.8	19.8	99.3	1.3	58	0.0
2024-07-05 02:00:00	101	19.1	17.8	20.3	64.6	3.3	355	11.0
2024-07-05 02:00:00	102	19.7	18.4	21.2	56.4	1.4	328	0.0
2024-07-05 02:00:00	103	28.6	27	30.3	23.6	5.4	242	0.0
2024-07-05 02:00:00	104	25.1	23.1	27.2	40.3	1.7	200	0.0
2024-07-05 02:10:00	106	20.2	18.5	22.1	62.8	1.1	177	0.0
2024-07-05 02:20:00	3	22.7	22.4	22.9	64.4	1.8	207	0
2024-07-05 02:20:00	6	26.4	26.2	26.5	26.3	2.2	3	0
2024-07-05 02:20:00	16	29	28.9	29.1	28	0.7	118	0
2024-07-05 02:20:00	20	19.3	19.2	19.3	58.4	2.1	89	0
2024-07-05 02:20:00	27	21.8	21.4	22.1	42.2	2.1	177	0
2024-07-05 02:20:00	29	16.1	15.5	16.6	39.4	0.8	108	0
2024-07-05 02:20:00	43	22.2	22.1	22.3	61.2	1.4	122	0
2024-07-05 02:20:00	49	26.3	26.1	26.4	70.2	1.7	354	0
2024-07-05 02:20:00	51	22.2	22	22.3	38.4	0.7	68	0
2024-07-05 02:20:00	67	26.5	26.2	26.8	30.4	4.6	342	0.0
2024-07-05 02:20:00	76	20	19.9	20.1	99.8	4.5	326	0.0
2024-07-05 02:20:00	80	17.7	17.5	17.8	95.5	0.6	129	0.0
2024-07-05 02:20:00	82	26	25.8	26.1	67	1.5	342	0.0
2024-07-05 02:20:00	87	17.7	17.7	17.8	82.1	2.3	74	0.0
2024-07-05 02:20:00	89	21.5	21.4	21.5	87.7	0.4	311	0.0
2024-07-05 02:20:00	92	22.4	21.2	23.4	65.6	0	0	0.0
2024-07-05 02:20:00	97	20.2	18.2	21.9	47.4	1.5	16	11.5
2024-07-05 02:20:00	98	17.6	16.2	18.6	91.4	0.8	351	0.0
2024-07-05 02:20:00	99	21.4	20.2	22.6	58.3	1.3	2	13.5
2024-07-05 02:20:00	100	18.3	16.9	19.8	84.5	1.2	60	0.0
2024-07-05 02:20:00	101	19	17.6	20.1	65.1	3.7	354	11.0
2024-07-05 02:20:00	102	18.9	17.8	20	61.8	0.2	149	0.0
2024-07-05 02:20:00	103	28.1	26.5	29.6	24.3	5.5	229	0.0
2024-07-05 02:20:00	104	24.8	22.6	26.8	40.7	1.3	204	0.0
2024-07-05 02:20:00	106	20.6	18.4	21.9	61.8	1	169	0.0
2024-07-05 02:30:00	3	22.1	22	22.4	66.7	1.3	206	0
2024-07-05 02:30:00	6	26.2	26.1	26.3	26.7	2.1	0	0
2024-07-05 02:30:00	16	28.7	28.5	28.9	28.5	0.5	160	0
2024-07-05 02:30:00	20	19.4	19.3	19.5	58	1.6	94	0
2024-07-05 02:30:00	27	22.4	22.2	22.7	39.4	1.9	187	0
2024-07-05 02:30:00	29	15.9	15.6	16.1	39.3	1.5	121	0
2024-07-05 02:30:00	43	22.2	22.1	22.3	60.6	1.6	142	0
2024-07-05 02:30:00	49	25.9	25.7	26.1	76.8	1.5	354	0
2024-07-05 02:30:00	51	21.8	21.6	22	40.7	0.8	61	0
2024-07-05 02:30:00	67	26.2	26.1	26.2	33.3	4.7	350	0.0
2024-07-05 02:30:00	76	20.2	20.1	20.2	98	3.7	333	0.0
2024-07-05 02:30:00	80	17.8	17.5	18	96.6	0.4	345	0.0
2024-07-05 02:30:00	82	26	25.8	26.1	66.7	1.3	340	0.0
2024-07-05 02:30:00	87	17.8	17.7	17.8	79.8	3.1	69	0.0
2024-07-05 02:30:00	89	21.2	21	21.4	95.5	0.4	350	0.0
2024-07-05 02:30:00	92	22.5	21.2	23.6	65.2	0	0	0.0
2024-07-05 02:30:00	97	20.5	18.7	22.6	44.2	1.4	23	11.5
2024-07-05 02:30:00	98	17.6	16	18.7	90.7	0.9	31	0.0
2024-07-05 02:30:00	99	21	20	22.3	59	1.5	350	13.5
2024-07-05 02:30:00	100	18.2	16.9	19.6	82.8	0.8	53	0.0
2024-07-05 02:30:00	101	18.7	17.6	20.1	65.2	3.6	356	11.0
2024-07-05 02:30:00	102	18.2	17	19.7	62.4	0.5	98	0.0
2024-07-05 02:30:00	103	28.3	26.5	29.6	24.1	5.6	228	0.0
2024-07-05 02:30:00	104	23.2	20.8	25.4	50.5	0.6	147	0.0
2024-07-05 02:30:00	106	20.4	18.4	22	62.1	0.7	174	0.0
2024-07-05 02:40:00	3	21.9	21.6	22	69.2	1.3	256	0
2024-07-05 02:40:00	6	26	25.9	26.1	26.9	1.8	352	0
2024-07-05 02:40:00	16	28.5	28.4	28.5	28.8	1.1	152	0
2024-07-05 02:40:00	20	19	18.4	19.5	60.8	0.7	277	0
2024-07-05 02:40:00	27	22.7	22.6	22.7	38.9	1.4	185	0
2024-07-05 02:40:00	29	16.3	16.1	16.5	38.2	1.6	129	0
2024-07-05 02:40:00	43	22.5	22.3	22.6	56.5	1.5	151	0
2024-07-05 02:40:00	49	25.5	25.4	25.6	83.1	2.1	348	0
2024-07-05 02:40:00	51	21.6	21.4	21.7	41.4	1.1	64	0
2024-07-05 02:40:00	67	26.2	26.1	26.3	31.2	4.2	355	0.0
2024-07-05 02:40:00	76	20.1	20	20.2	97.8	4.2	335	0.0
2024-07-05 02:40:00	80	17.8	17.6	17.9	99.5	0.5	315	0.0
2024-07-05 02:40:00	82	25.5	25.3	25.8	69.6	1.1	347	0.0
2024-07-05 02:40:00	87	17.7	17.7	17.8	82.2	2.9	69	0.0
2024-07-05 02:40:00	89	20.8	20.5	21	100	0.6	4	0.0
2024-07-05 02:40:00	92	22.6	21.4	23.9	62.4	0	0	0.0
2024-07-05 02:40:00	97	21.2	19.3	23	40.5	1.6	16	11.5
2024-07-05 02:40:00	98	17.8	16.4	19.2	93.7	0.5	106	0.0
2024-07-05 02:40:00	99	20.5	19.2	21.8	59.8	1.6	326	13.0
2024-07-05 02:40:00	100	18.1	16	19.7	90.4	1.2	66	0.0
2024-07-05 02:40:00	101	18.4	17.4	20	65.4	3.2	351	11.0
2024-07-05 02:40:00	102	18.1	17.1	19.5	61.6	0.6	86	0.0
2024-07-05 02:40:00	103	27.9	26.2	29.1	24.1	5.5	226	0.0
2024-07-05 02:40:00	104	22.9	20.7	25.2	54.4	0.3	116	0.0
2024-07-05 02:40:00	106	20.1	18	21.9	62.5	1	183	0.0
2024-07-05 02:50:00	3	21.4	21.2	21.6	72.3	1.1	278	0
2024-07-05 02:50:00	6	26	25.9	26.1	25.9	2	344	0
2024-07-05 02:50:00	16	28.6	28.5	28.8	28.6	1.5	122	0
2024-07-05 02:50:00	20	18.4	18.2	18.5	64	0.9	290	0
2024-07-05 02:50:00	27	22.4	22.3	22.6	40.3	1.1	178	0
2024-07-05 02:50:00	29	16.6	16.5	16.7	37.6	1.6	129	0
2024-07-05 02:50:00	43	22.7	22.6	22.7	55.3	1	157	0
2024-07-05 02:50:00	49	25.4	25.3	25.4	81.2	2.5	349	0
2024-07-05 02:50:00	51	21.4	21.4	21.4	41.1	0.8	46	0
2024-07-05 02:50:00	67	26.5	26.3	26.6	28.6	4.2	6	0.0
2024-07-05 02:50:00	76	20	20	20	97.7	3.2	360	0.0
2024-07-05 02:50:00	80	17.5	17.4	17.6	99.8	0.5	321	0.0
2024-07-05 02:50:00	82	25	24.7	25.3	76.5	1.2	330	0.0
2024-07-05 02:50:00	87	17.6	17.5	17.7	82.5	2.7	65	0.0
2024-07-05 02:50:00	89	20.3	20.2	20.5	100	1	350	0.0
2024-07-05 02:50:00	92	23	21.8	24.1	58.1	0	0	0.0
2024-07-05 02:50:00	97	21.6	19.8	23	38	1.7	3	11.5
2024-07-05 02:50:00	98	17.4	16	18.7	96.1	0.5	102	0.0
2024-07-05 02:50:00	99	21.1	19.7	22.3	57.4	2.1	343	13.0
2024-07-05 02:50:00	100	17.9	16.2	19.3	87.2	1.4	61	0.0
2024-07-05 02:50:00	101	18.7	17.1	19.8	65.6	3	346	11.0
2024-07-05 02:50:00	102	18.3	17.3	19.5	61.3	0.7	16	0.0
2024-07-05 02:50:00	103	28.1	26.2	29.5	23.9	5.6	226	0.0
2024-07-05 02:50:00	104	21.4	19	23.9	65	0.3	134	0.0
2024-07-05 02:50:00	106	20	18.1	21.9	62.9	1.1	190	0.0
2024-07-05 03:00:00	3	20.6	20.1	21.2	78.9	0.4	204	0
2024-07-05 03:10:00	6	25.6	25.4	25.7	27.9	1.8	330	0
2024-07-05 03:00:00	16	28.8	28.7	29	28.2	1.2	82	0
2024-07-05 03:00:00	20	18.1	17.7	18.5	67.2	0.5	267	0
2024-07-05 03:00:00	27	21.9	21.1	22.3	44.4	1	174	0
2024-07-05 03:00:00	29	16.8	16.7	16.9	37	1.2	118	0
2024-07-05 03:00:00	43	22.3	21.9	22.6	58.2	0.5	155	0
2024-07-05 03:10:00	49	25.1	25.1	25.2	80.8	1.8	347	0
2024-07-05 03:00:00	51	21.3	21.2	21.4	41	0.6	24	0
2024-07-05 03:00:00	67	26.8	26.6	26.9	26.5	3.8	16	0.0
2024-07-05 03:00:00	76	20.2	20	20.4	96.3	4.3	357	0.0
2024-07-05 03:00:00	80	17.3	17	17.5	99.9	0.5	103	0.0
2024-07-05 03:00:00	82	24.6	24.3	24.8	80.4	0.9	344	0.0
2024-07-05 03:00:00	87	17.6	17.6	17.7	77	2.9	65	0.0
2024-07-05 03:00:00	89	20.2	20.2	20.2	100	0.6	330	0.0
2024-07-05 03:00:00	92	23.1	22	24.3	56.4	0	0	0.0
2024-07-05 03:00:00	97	21.8	20.3	23.2	36.5	1.8	6	11.5
2024-07-05 03:00:00	98	17.1	15.7	18.5	96.9	0.5	98	0.0
2024-07-05 03:10:00	99	21.9	20.8	23	52.4	1.7	3	13.0
2024-07-05 03:00:00	100	18.3	16.5	20.1	80.6	1.4	56	0.0
2024-07-05 03:00:00	101	18.6	17.4	19.8	65.5	3	349	11.0
2024-07-05 03:00:00	102	18.5	17.3	20.4	59.4	1.4	18	0.0
2024-07-05 03:00:00	103	28	26.5	29.4	23.4	5.9	231	0.0
2024-07-05 03:10:00	104	19.9	17.9	22.1	69.8	0.4	125	0.0
2024-07-05 03:00:00	106	20	18.1	21.9	62.2	0.7	166	0.0
2024-07-05 03:10:00	3	19.8	19.5	20.1	84.2	0.3	266	0
2024-07-05 03:10:00	6	25.6	25.4	25.7	27.9	1.8	330	0
2024-07-05 03:20:00	16	28.8	28.7	28.8	28.4	2.3	56	0
2024-07-05 03:10:00	20	17.6	17.5	17.7	71.1	0.4	234	0
2024-07-05 03:10:00	27	20.4	20	21.1	54.4	0.8	187	0
2024-07-05 03:10:00	29	16.2	16	16.6	39.1	1.4	127	0
2024-07-05 03:10:00	43	21.5	21.3	21.9	62.5	0.7	193	0
2024-07-05 03:10:00	49	25.1	25.1	25.2	80.8	1.8	347	0
2024-07-05 03:20:00	51	20.9	20.7	21.1	42.4	0.5	70	0
2024-07-05 03:10:00	67	26.2	25.2	26.8	30.5	2.7	30	0.0
2024-07-05 03:10:00	76	20.4	20.4	20.4	94.6	3.9	344	0.0
2024-07-05 03:10:00	80	16.9	16.8	17	100	0.5	71	0.0
2024-07-05 03:10:00	82	24.2	24.1	24.3	81.1	1	347	0.0
2024-07-05 03:20:00	87	17.5	17.4	17.6	75	2.4	58	0.0
2024-07-05 03:10:00	89	20.1	20	20.2	100	0.6	330	0.0
2024-07-05 03:10:00	92	23.3	22.1	24.6	56.2	0	0	0.0
2024-07-05 03:10:00	97	21.7	20	23	38.1	1.5	358	11.5
2024-07-05 03:10:00	98	17.1	15.4	18.2	96.9	0.3	105	0.0
2024-07-05 03:20:00	99	21.9	20.6	23	50.9	2.2	6	13.0
2024-07-05 03:10:00	100	18.8	17	20.6	74.6	1.7	49	0.0
2024-07-05 03:10:00	101	18.6	17	20	65.6	2.9	347	10.5
2024-07-05 03:10:00	102	19.4	18.6	20.7	55.7	1.6	16	0.0
2024-07-05 03:10:00	103	28.2	26.3	30	23.6	6	232	0.0
2024-07-05 03:20:00	104	19.7	17.4	21.8	77.4	0.3	149	0.0
2024-07-05 03:20:00	106	19.7	17.6	21.9	65.3	0.6	180	0.0
2024-07-05 03:20:00	3	19.2	19	19.5	89.2	0.8	270	0
2024-07-05 03:30:00	6	24.9	24.7	25	30.2	1.7	328	0
2024-07-05 03:30:00	16	28.8	28.7	28.9	28.6	2.6	48	0
2024-07-05 03:20:00	20	17.6	17.5	17.7	69.4	0.4	168	0
2024-07-05 03:20:00	27	19.7	19.3	20	59.3	0.9	186	0
2024-07-05 03:20:00	29	16.9	16.6	17	36.6	1.3	110	0
2024-07-05 03:20:00	43	21.3	21.2	21.4	57.4	0.9	186	0
2024-07-05 03:20:00	49	25	24.9	25.1	80.6	1.7	347	0
2024-07-05 03:30:00	51	20.6	20.4	20.7	43.5	0.3	78	0
2024-07-05 03:30:00	67	24.1	23.9	24.2	44.8	3.7	37	0.0
2024-07-05 03:30:00	76	20.3	20.3	20.3	93.3	3.2	344	0.0
2024-07-05 03:30:00	80	16.7	16.5	16.9	100	0.6	101	0.0
2024-07-05 03:30:00	82	24.2	24	24.4	81.9	0.8	341	0.0
2024-07-05 03:30:00	87	17.6	17.5	17.9	68.6	2.3	63	0.0
2024-07-05 03:30:00	89	20	19.9	20.1	100	0.6	100	0.0
2024-07-05 03:30:00	92	23	22	24.2	57.5	0	0	0.0
2024-07-05 03:30:00	97	21.7	20.1	23	36.9	1.7	4	11.5
2024-07-05 03:30:00	98	16.8	15.4	18.1	97.2	1.2	330	0.0
2024-07-05 03:30:00	99	22.2	20.9	23.4	50.2	1.6	1	13.0
2024-07-05 03:30:00	100	19.6	17.9	21.5	69	1.5	44	0.0
2024-07-05 03:30:00	101	18.4	17.3	19.8	65.8	2.6	347	10.5
2024-07-05 03:30:00	102	19.9	18.4	21.7	54.4	1	69	0.0
2024-07-05 03:30:00	103	28.4	26.5	29.7	23.2	7	233	0.0
2024-07-05 03:30:00	104	19	16.5	21.1	83.1	0.5	174	0.0
2024-07-05 03:30:00	106	19.6	17.3	21.4	68.1	0.8	160	0.0
2024-07-05 03:40:00	3	18.3	18.1	18.6	99	1	241	0
2024-07-05 03:40:00	6	24.7	24.6	24.7	30.5	1.6	329	0
2024-07-05 03:40:00	16	28.6	28.5	28.8	29.3	2.2	30	0
2024-07-05 03:40:00	20	16.8	16.6	17.3	75.5	0.6	213	0
2024-07-05 03:40:00	27	18.5	18.4	18.7	68.3	1.8	190	0
2024-07-05 03:40:00	29	15.7	15.4	16	40.3	0.5	65	0
2024-07-05 03:40:00	43	21.9	21.7	22	50.2	0.9	178	0
2024-07-05 03:40:00	49	24.9	24.8	25	76.2	2	3	0
2024-07-05 03:40:00	51	20.4	20.4	20.5	43.4	0.3	41	0
2024-07-05 03:40:00	67	24.3	24.2	24.4	41.9	3.2	36	0.0
2024-07-05 03:40:00	76	20.4	20.3	20.5	91.7	2.8	345	0.0
2024-07-05 03:40:00	80	16.5	16.4	16.8	100	0.5	97	0.0
2024-07-05 03:40:00	82	23.8	23.6	24	88.3	0.9	332	0.0
2024-07-05 03:40:00	87	18.1	17.9	18.1	65.3	2.5	71	0.0
2024-07-05 03:40:00	89	19.8	19.7	19.9	100	0.2	93	0.0
2024-07-05 03:40:00	92	22.6	21.5	24.1	60	0	0	0.0
2024-07-05 03:40:00	97	21.8	20	23.4	36.2	1.6	360	11.5
2024-07-05 03:40:00	98	16.7	15.2	17.9	96.9	0.6	283	0.0
2024-07-05 03:40:00	99	22.2	20.9	23.4	50	1.6	0	13.0
2024-07-05 03:40:00	100	19.6	18.1	21.5	68.2	1.5	48	0.0
2024-07-05 03:40:00	101	18.4	17	19.5	66.3	2.8	350	10.5
2024-07-05 03:40:00	102	18.8	17.4	20.1	60.9	0.7	101	0.0
2024-07-05 03:40:00	103	28.3	26.5	29.7	23.1	7	234	0.0
2024-07-05 03:40:00	104	18.4	15.8	20.9	84.7	0.8	171	0.0
2024-07-05 03:40:00	106	19.3	17.4	21.2	67.9	0.8	148	0.0
2024-07-05 03:50:00	3	18.1	18	18.1	100	0.7	292	0
2024-07-05 03:50:00	6	24.5	24.5	24.6	31	1.8	336	0
2024-07-05 03:50:00	16	28.3	27.7	28.6	29.5	1.8	348	0
2024-07-05 03:50:00	20	16.3	16.2	16.7	80.6	0.2	215	0
2024-07-05 03:50:00	27	19.6	18.8	20.7	49.6	1.8	185	0
2024-07-05 03:50:00	29	15.5	15.5	15.5	40.8	0.9	64	0
2024-07-05 03:50:00	43	21.6	21.5	21.7	49.5	0.8	170	0
2024-07-05 03:50:00	49	25.1	25	25.2	71.5	1.9	0	0
2024-07-05 03:50:00	51	20.2	20.2	20.3	44.3	0.5	71	0
2024-07-05 03:50:00	67	24.1	24	24.3	41.8	3.6	39	0.0
2024-07-05 03:50:00	76	20.5	20.4	20.5	90.5	2.8	340	0.0
2024-07-05 03:50:00	80	16.6	16.5	16.8	100	0.6	75	0.0
2024-07-05 03:50:00	82	23.4	23.3	23.6	91.5	0.8	345	0.0
2024-07-05 03:50:00	87	18.2	18.1	18.2	63.7	2.5	70	0.0
2024-07-05 03:50:00	89	19.6	19.4	19.7	100	0.2	282	0.0
2024-07-05 03:50:00	92	22.3	21.1	23.6	61.6	0	0	0.0
2024-07-05 03:50:00	97	22	20.3	23.7	35.5	1.5	354	11.5
2024-07-05 03:50:00	98	16.6	15.3	17.9	98	0.2	280	0.0
2024-07-05 03:50:00	99	22.2	21.1	23.2	49.4	1.7	3	13.0
2024-07-05 03:50:00	101	18	16.7	19.5	66.2	2.6	350	10.5
2024-07-05 03:50:00	102	18.6	17.3	20.1	59.2	0.9	35	0.0
2024-07-05 03:50:00	103	28.2	26.8	29.6	23.5	6.4	233	0.0
2024-07-05 03:50:00	104	18.2	15.9	20.8	82.4	0.5	138	0.0
2024-07-05 03:50:00	106	19.6	17.5	21.4	65.4	0.9	156	0.0
2024-07-05 04:00:00	3	17.9	17.8	18.1	100	0.4	16	0
2024-07-05 04:00:00	6	24.8	24.6	25.1	29.5	2.6	337	0
2024-07-05 04:00:00	16	27.4	27.3	27.7	30.8	1.1	307	0
2024-07-05 04:00:00	20	16.4	16.2	16.7	77	0.8	120	0
2024-07-05 04:00:00	27	21.3	20.7	21.7	41.3	1.8	183	0
2024-07-05 04:00:00	29	15.2	15	15.5	42.1	1.2	70	0
2024-07-05 04:00:00	43	21.5	21.4	21.6	49.1	0.9	146	0
2024-07-05 04:00:00	49	25	25	25.1	70.1	1.5	1	0
2024-07-05 04:00:00	51	20.3	20.2	20.4	44.5	0.8	91	0
2024-07-05 04:00:00	67	23.9	23.8	24.1	40.5	3.8	41	0.0
2024-07-05 04:10:00	76	19.6	19.4	20	99	2.3	324	0.0
2024-07-05 04:10:00	80	16.2	16	16.5	100	1	103	0.0
2024-07-05 04:00:00	82	23.2	23.1	23.3	96.5	1	327	0.0
2024-07-05 04:00:00	87	18.1	18	18.2	63.7	2.3	64	0.0
2024-07-05 04:00:00	89	19.3	19.2	19.4	100	0.2	26	0.0
2024-07-05 04:00:00	92	22.4	20.9	23.2	62	0	0	0.0
2024-07-05 04:10:00	97	21.3	19.5	22.8	37.8	1.4	2	11.5
2024-07-05 04:00:00	98	16.3	14.9	17.8	99.1	0.7	65	0.0
2024-07-05 04:10:00	99	21.8	20.2	22.9	52.5	1.5	6	13.0
2024-07-05 04:00:00	100	19.1	17.6	20.9	70.7	1.2	44	0.0
2024-07-05 04:00:00	101	18	16.4	19.2	67.2	2.9	350	10.5
2024-07-05 04:00:00	102	19	18	20.4	55.2	0.9	339	0.0
2024-07-05 04:00:00	103	27.8	26.4	29.4	23.5	6.1	230	0.0
2024-07-05 04:10:00	104	17.9	15.7	20.6	85.7	0.3	140	0.0
2024-07-05 04:10:00	106	20.2	18.4	22.4	58.5	1.1	172	0.0
2024-07-05 04:20:00	3	17.5	17.3	17.6	100	0.3	226	0
2024-07-05 04:20:00	6	25.5	25.5	25.6	28	2.5	340	0
2024-07-05 04:10:00	16	27.3	27.1	27.4	30.9	0.7	259	0
2024-07-05 04:10:00	20	16.5	16.1	16.7	76.3	0.6	113	0
2024-07-05 04:10:00	27	21.8	21.7	21.9	40.1	1.6	183	0
2024-07-05 04:10:00	29	14.9	14.5	15	43.8	0.9	89	0
2024-07-05 04:10:00	43	22	21.6	22.1	46	1.4	121	0
2024-07-05 04:10:00	49	24.8	24.6	25	70.8	0.5	37	0
2024-07-05 04:20:00	51	20.5	20.4	20.6	44.8	1.1	64	0
2024-07-05 04:10:00	67	24.3	24.1	24.8	35.7	3.7	37	0.0
2024-07-05 04:10:00	76	19.6	19.4	20	99	2.3	324	0.0
2024-07-05 04:10:00	80	16.2	16	16.5	100	1	103	0.0
2024-07-05 04:10:00	82	23	22.9	23.1	98.9	0.7	342	0.0
2024-07-05 04:10:00	87	17.9	17.8	18	64.1	2	62	0.0
2024-07-05 04:10:00	89	19.2	19.1	19.3	100	0.3	23	0.0
2024-07-05 04:10:00	92	22.2	21.2	23.4	61.1	0	0	0.0
2024-07-05 04:20:00	97	20.5	18.6	22.1	41	1.2	4	11.5
2024-07-05 04:10:00	98	16.4	14.8	17.8	99	0.9	45	0.0
2024-07-05 04:10:00	99	21.8	20.2	22.9	52.5	1.5	6	13.0
2024-07-05 04:10:00	100	19.1	17.6	20.4	71	1.6	56	0.0
2024-07-05 04:10:00	101	17.8	16.7	19.1	68	2.8	346	10.5
2024-07-05 04:10:00	102	19.1	17.8	20.4	56.9	1	309	0.0
2024-07-05 04:10:00	103	27.7	26.1	29	23.8	5.9	233	0.0
2024-07-05 04:10:00	104	17.9	15.7	20.6	85.7	0.3	140	0.0
2024-07-05 04:10:00	106	20.2	18.4	22.4	58.5	1.1	172	0.0
2024-07-05 04:20:00	3	17.5	17.3	17.6	100	0.3	226	0
2024-07-05 04:30:00	6	25.5	25.4	25.5	28.1	2.7	337	0
2024-07-05 04:20:00	16	27.3	26.9	27.8	31.4	1.5	107	0
2024-07-05 04:20:00	20	16	15.8	16.4	81.7	0.8	113	0
2024-07-05 04:20:00	27	21.9	21.8	21.9	40.1	1.3	184	0
2024-07-05 04:20:00	29	14.2	14	14.5	46.4	0.7	170	0
2024-07-05 04:20:00	43	22.2	22.1	22.2	46.6	1.7	127	0
2024-07-05 04:20:00	49	24.3	24.1	24.6	73.7	0.4	2	0
2024-07-05 04:20:00	51	20.5	20.4	20.6	44.8	1.1	64	0
2024-07-05 04:20:00	67	25	24.8	25.2	29.9	3.5	25	0.0
2024-07-05 04:20:00	76	19.5	19.3	19.8	99.3	2.8	343	0.0
2024-07-05 04:20:00	80	16	15.8	16.1	100	0.8	105	0.0
2024-07-05 04:20:00	82	22.7	22.6	22.9	100	0.8	340	0.0
2024-07-05 04:20:00	87	17.8	17.7	17.9	61	1.8	49	0.0
2024-07-05 04:20:00	89	18.9	18.9	19.1	100	0.5	325	0.0
2024-07-05 04:30:00	92	22.1	20.8	23.4	60.7	0	0	0.0
2024-07-05 04:20:00	97	20.5	18.6	22.1	41	1.2	4	11.5
2024-07-05 04:20:00	98	16.2	14.7	17.6	98.3	1.6	13	0.0
2024-07-05 04:30:00	99	20	18.7	21.1	59.3	1.4	338	12.5
2024-07-05 04:20:00	100	19.6	17.6	21.3	69	1.8	59	0.0
2024-07-05 04:20:00	101	17.7	16.7	19	68.6	3.2	348	10.5
2024-07-05 04:20:00	102	18.5	17.3	19.7	59	1.1	306	0.0
2024-07-05 04:20:00	103	27.7	26.1	29.1	23.8	6.4	234	0.0
2024-07-05 04:20:00	104	18.1	15.6	20.6	87	0.3	124	0.0
2024-07-05 04:20:00	106	20.5	18.7	22.1	57.6	1	171	0.0
2024-07-05 04:30:00	3	17.3	17.2	17.3	100	0.4	113	0
2024-07-05 04:30:00	6	25.5	25.4	25.5	28.1	2.7	337	0
2024-07-05 04:30:00	16	28.1	27.8	28.2	30.2	2.4	70	0
2024-07-05 04:30:00	20	17.4	16.4	18	64	1.2	110	0
2024-07-05 04:30:00	27	21.6	21.4	21.7	41	1.1	184	0
2024-07-05 04:30:00	29	14	13.8	14.2	47.1	0.7	114	0
2024-07-05 04:30:00	43	22.1	22.1	22.2	48.6	1.7	135	0
2024-07-05 04:30:00	49	24	23.9	24.1	83.8	1.3	358	0
2024-07-05 04:30:00	51	20.3	20.2	20.4	45.3	1.1	65	0
2024-07-05 04:40:00	67	24.8	24.6	25.3	28.8	2.3	11	0.0
2024-07-05 04:40:00	76	19.2	19	19.4	100	4.2	321	0.0
2024-07-05 04:30:00	80	16.1	15.8	16.2	100	1	108	0.0
2024-07-05 04:30:00	82	22.6	22.6	22.8	100	0.8	346	0.0
2024-07-05 04:30:00	87	17.9	17.7	17.9	59.5	1.7	58	0.0
2024-07-05 04:30:00	89	19	18.9	19.1	100	0.2	294	0.0
2024-07-05 04:30:00	92	22.1	20.8	23.4	60.7	0	0	0.0
2024-07-05 04:40:00	97	19.2	17.5	21.1	45.6	0.9	5	11.5
2024-07-05 04:30:00	98	17.5	15.3	20.2	86.3	2.1	19	0.1
2024-07-05 04:30:00	99	20	18.7	21.1	59.3	1.4	338	12.5
2024-07-05 04:30:00	100	20	18.7	21.5	66.8	1.6	61	0.0
2024-07-05 04:30:00	101	17.5	16.4	18.9	68.7	2.9	348	10.5
2024-07-05 04:30:00	102	18.2	16.5	19.6	61.7	0.9	350	0.0
2024-07-05 04:30:00	103	27.4	25.6	29.1	24.7	5.4	226	0.0
2024-07-05 04:30:00	104	18.5	15.1	20.9	84.3	0.6	106	0.0
2024-07-05 04:30:00	106	20.4	18.5	22.3	57.1	1	158	0.0
2024-07-05 04:40:00	3	17.1	17	17.2	100	0.9	321	0
2024-07-05 04:40:00	6	25.4	25.4	25.5	28.4	2.6	339	0
2024-07-05 04:40:00	16	28.2	28.1	28.2	30	2.7	60	0
2024-07-05 04:40:00	20	16.7	16.4	17.4	76.1	0.7	106	0
2024-07-05 04:40:00	27	21.3	21.3	21.4	42.1	1.5	185	0
2024-07-05 04:40:00	29	13.5	13.4	13.8	49.7	1	148	0
2024-07-05 04:40:00	43	22.1	22	22.2	49.9	1.5	136	0
2024-07-05 04:40:00	49	24.2	24.1	24.3	75	2.2	350	0
2024-07-05 04:40:00	51	20.3	20.2	20.4	44.4	1	52	0
2024-07-05 04:50:00	67	24.3	24	24.6	30.6	2.2	13	0.0
2024-07-05 04:50:00	76	19	18.9	19	100	4.8	326	0.0
2024-07-05 04:50:00	80	16.3	16.2	16.3	100	0.6	92	0.0
2024-07-05 04:50:00	82	24	23.6	24.4	80.4	1.6	335	0.0
2024-07-05 04:50:00	87	17.8	17.7	17.9	59.9	2	67	0.0
2024-07-05 04:50:00	89	18.6	18.5	18.6	100	0.8	329	0.1
2024-07-05 04:50:00	92	22.3	21.4	23.5	59.3	0	0	0.0
2024-07-05 04:50:00	97	19.8	18.2	21.4	42.2	1	360	11.5
2024-07-05 04:50:00	98	19.6	18	20.9	69.4	1.9	5	1.6
2024-07-05 04:50:00	99	19.9	18.6	21.4	59.8	1.8	3	12.5
2024-07-05 04:50:00	100	19.1	17.8	20.7	71.6	1.2	47	0.1
2024-07-05 04:50:00	101	17.5	16.2	18.9	69.6	2.8	356	10.0
2024-07-05 04:50:00	102	19.2	18	20.3	55.8	2.1	332	0.0
2024-07-05 04:50:00	103	27.2	25.4	28.5	27.4	5.7	228	4.3
2024-07-05 04:50:00	104	17.4	14.8	19.7	92.3	0.4	140	0.25
2024-07-05 04:50:00	106	20.7	18.9	22.8	53.7	1.4	174	4.3
2024-07-05 05:00:00	3	16.7	16.6	16.7	100	0.7	329	5.3
2024-07-05 05:00:00	6	25.4	25.3	25.5	28.8	3.2	357	0
2024-07-05 05:00:00	16	27.4	27.2	27.7	31.5	1.4	101	0
2024-07-05 05:00:00	20	16.7	16.2	17.1	76	0.6	81	0
2024-07-05 05:00:00	27	19.7	19.2	20.2	58	1	178	0.1
2024-07-05 05:00:00	29	13.2	13.2	13.4	48.1	0.8	134	1.6
2024-07-05 05:00:00	43	21.8	21.8	21.9	51.6	1.3	139	5
2024-07-05 05:00:00	49	23.9	23.8	24	82	1.5	338	0
2024-07-05 05:00:00	51	20.5	20.3	20.7	42.8	1.3	50	2.1
2024-07-05 05:00:00	67	24.6	24.3	25	28.5	2.6	9	0.0
2024-07-05 05:00:00	76	18.8	18.7	18.9	100	4.2	331	1.55
2024-07-05 05:00:00	80	16.4	16.3	16.5	100	0.8	67	0.0
2024-07-05 05:00:00	82	24.4	24.3	24.4	75.9	1.3	337	0.0
2024-07-05 05:00:00	87	18.1	17.9	18.2	57.2	2.4	66	0.7
2024-07-05 05:00:00	89	18.6	18.5	18.8	100	1.1	302	3.3
2024-07-05 05:00:00	92	22	21.1	23.1	61.4	0	0	0.0
2024-07-05 05:00:00	97	20.1	18.2	21.5	41.2	1.1	320	11.5
2024-07-05 05:00:00	98	19.7	18.1	20.9	68.9	2.1	6	3.4
2024-07-05 05:00:00	99	20.3	19.2	21.5	56.9	1.8	3	12.5
2024-07-05 05:00:00	100	19.3	17.8	20.7	70.2	1.2	45	2.8
2024-07-05 05:00:00	101	17.6	16.5	19	68.8	3.1	352	10.0
2024-07-05 05:00:00	102	18.8	17.6	20.1	57.4	2.7	332	1.7
2024-07-05 05:00:00	103	26.9	25.3	28.5	29.7	7.4	225	5.9
2024-07-05 05:00:00	104	17.4	15.3	20.2	90.3	0.6	119	3.8
2024-07-05 05:00:00	106	21.6	19.3	23.4	50.9	1.4	170	11.2
2024-07-05 05:10:00	3	16.7	16.6	16.7	100	0.3	220	13.2
2024-07-05 05:10:00	6	25.2	25.1	25.3	29.6	2.9	0	0
2024-07-05 05:10:00	16	27.2	27.2	27.2	31.8	1.4	96	0.1
2024-07-05 05:10:00	20	16.8	16.2	17.1	69.5	0.9	101	0.4
2024-07-05 05:10:00	27	18.6	18.2	19.2	67.4	1.4	178	3
2024-07-05 05:10:00	29	13.9	13.4	14.2	45.1	0.9	107	4.8
2024-07-05 05:10:00	43	21.8	21.6	21.9	53.1	0.8	133	13.4
2024-07-05 05:10:00	49	23.9	23.8	23.9	84	1.6	358	0
2024-07-05 05:10:00	51	20.8	20.7	20.8	41.7	1.2	69	6.4
2024-07-05 05:10:00	67	24.4	24.1	24.9	32.4	2.7	21	0.0
2024-07-05 05:10:00	76	18.5	18.3	18.6	100	3.9	341	6.85
2024-07-05 05:10:00	80	16.6	16.5	16.7	100	1	73	0.1
2024-07-05 05:10:00	82	24.4	24.3	24.6	74.5	1.2	337	0.0
2024-07-05 05:10:00	87	18.2	18.1	18.3	58.5	2.4	68	3.85
2024-07-05 05:10:00	89	19	18.8	19.6	100	1.8	284	10.65
2024-07-05 05:10:00	92	21.7	20.7	22.9	62.2	0	0	0.0
2024-07-05 05:10:00	97	20.5	18.6	22.3	41.4	0.9	9	11.5
2024-07-05 05:10:00	98	20.2	19	21.9	66.2	2	8	8.3
2024-07-05 05:10:00	99	20.8	19.6	22.3	53.9	1.8	359	12.5
2024-07-05 05:10:00	100	19.5	17.8	21.1	69.7	0.9	37	8.2
2024-07-05 05:10:00	101	17.7	16.5	19	69.7	2.7	348	10.0
2024-07-05 05:10:00	102	18.8	17.6	19.8	57.6	1.9	345	7.1
2024-07-05 05:10:00	103	25.9	24.2	27.5	33.1	6	218	12.1
2024-07-05 05:10:00	104	17.9	15.8	20.4	87.4	0.4	179	8.6
2024-07-05 05:10:00	106	21.7	19.7	23.5	50.6	1.5	188	13.85
2024-07-05 05:20:00	3	16.6	16.5	16.9	100	1.3	182	25.1
2024-07-05 05:20:00	6	24.9	24.7	25.1	30.1	2.2	8	0
2024-07-05 05:20:00	16	27.2	27.1	27.4	31.6	1.1	83	2.4
2024-07-05 05:20:00	20	17.1	16.8	17.3	68.2	0.9	273	2.8
2024-07-05 05:20:00	27	18.4	18.2	18.6	65.3	2	186	10.3
2024-07-05 05:20:00	29	14	13.9	14.2	47	0.6	136	8.4
2024-07-05 05:20:00	43	21.4	21.3	21.6	55.7	0.7	13	30.9
2024-07-05 05:20:00	49	23.9	23.8	23.9	82.8	1.6	359	0
2024-07-05 05:20:00	51	20.9	20.8	21	41.1	1	75	12.8
2024-07-05 05:20:00	67	24.4	24.2	24.6	33.4	2.7	17	0.0
2024-07-05 05:20:00	76	18.3	18.3	18.4	100	3.9	348	13.8
2024-07-05 05:20:00	80	16.9	16.7	16.9	100	1.1	77	2.35
2024-07-05 05:20:00	82	24.4	24.4	24.6	73.5	1.3	340	1.35
2024-07-05 05:20:00	87	18.1	18	18.2	59	2.7	64	9.1
2024-07-05 05:20:00	89	20.5	19.6	21.2	100	1.7	269	21.85
2024-07-05 05:20:00	92	21.6	20.4	23	63.7	0	0	0.0
2024-07-05 05:20:00	97	20.4	18.6	22.1	41.2	1.3	357	11.5
2024-07-05 05:20:00	98	20.5	19.2	21.7	65.4	1.9	10	13.85
2024-07-05 05:20:00	99	21.4	20.3	22.8	51.7	1.9	354	12.5
2024-07-05 05:20:00	100	19.1	17.8	20.8	72.4	0.7	30	14.0
2024-07-05 05:20:00	101	17.8	16.4	19	70.2	2.8	353	10.0
2024-07-05 05:20:00	102	18.7	17.6	19.7	58	1.8	1	17.55
2024-07-05 05:20:00	103	25.2	23.7	26.4	37	5.8	208	23.25
2024-07-05 05:20:00	104	17.6	14.3	20	89.8	1.1	201	15.7
2024-07-05 05:20:00	106	22	20.3	23.9	48.9	2.4	185	12.05
2024-07-05 05:30:00	3	17.3	16.9	17.5	100	1.2	261	41.6
2024-07-05 05:30:00	6	24.5	24.3	24.7	31.1	1.9	4	2.5
2024-07-05 05:30:00	16	27.2	27.1	27.3	31.9	0.6	81	12.2
2024-07-05 05:30:00	20	16.6	16.4	16.8	74.9	1.2	285	9
2024-07-05 05:30:00	27	19.5	18.7	20.4	55.8	1.3	103	20.2
2024-07-05 05:30:00	29	13.8	13.6	14.2	48.4	1.5	151	11.4
2024-07-05 05:30:00	43	21.6	21.3	21.8	55.8	1	97	45.6
2024-07-05 05:30:00	49	24	23.9	24.1	78.8	2	1	0.5
2024-07-05 05:30:00	51	21.1	21	21.4	40.3	1.5	85	21.6
2024-07-05 05:30:00	67	24.6	24.5	24.7	33.9	2.8	13	2.55
2024-07-05 05:30:00	76	18.6	18.4	18.8	100	3.6	352	25.2
2024-07-05 05:30:00	80	16.8	16.6	16.9	100	1.2	93	6.5
2024-07-05 05:30:00	82	24.8	24.6	25	69.6	1.5	345	7.2
2024-07-05 05:30:00	87	18.3	18.2	18.4	55.4	2.5	65	14.65
2024-07-05 05:30:00	89	21.8	21.2	22.4	97.6	2.1	261	26.7
2024-07-05 05:30:00	92	21.5	20.6	22.9	64.3	0	0	0.0
2024-07-05 05:30:00	97	19.9	18.1	21.4	45	1.3	18	11.5
2024-07-05 05:30:00	98	20.6	19.3	22.1	65.7	1.6	6	19.2
2024-07-05 05:30:00	99	21.8	20.6	23.2	50.5	1.9	3	12.5
2024-07-05 05:30:00	100	18.7	16.9	20.2	77.6	0.6	176	19.3
2024-07-05 05:30:00	101	17.9	16.7	19.1	70	2.5	359	10.0
2024-07-05 05:30:00	102	19	17.9	20.3	55.5	1.9	14	32.4
2024-07-05 05:30:00	103	25.2	23.4	26.5	36.6	5.9	205	67.6
2024-07-05 05:30:00	104	17.8	15.6	20.1	87.1	1.3	199	33.95
2024-07-05 05:40:00	106	22.5	20.2	24.3	47	1.6	204	10.35
2024-07-05 05:40:00	3	17.9	17.5	18.3	100	0.5	153	55
2024-07-05 05:40:00	6	24.2	24	24.3	32	1.4	11	8.2
2024-07-05 05:40:00	16	27	26.7	27.1	32.3	1.1	95	27.5
2024-07-05 05:40:00	20	16.5	16.4	16.6	80.1	1.1	294	23.8
2024-07-05 05:40:00	27	20.4	20.3	20.6	57.5	2.4	50	34.2
2024-07-05 05:40:00	29	15.2	14.3	15.8	41.9	1.9	139	14.4
2024-07-05 05:40:00	43	21.9	21.8	21.9	57.6	0.7	117	42.2
2024-07-05 05:40:00	49	24.1	24	24.1	77.5	1.8	2	3.5
2024-07-05 05:50:00	51	21.8	21.5	22.1	38.9	0.4	94	73.5
2024-07-05 05:40:00	67	24.9	24.7	25.3	34.5	3.2	16	12.15
2024-07-05 05:40:00	76	18.9	18.8	19.1	100	3.9	341	47.5
2024-07-05 05:40:00	80	16.9	16.6	17.2	100	1	72	18.6
2024-07-05 05:40:00	82	24.8	24.7	25	70.8	1.2	340	14.7
2024-07-05 05:40:00	87	18.5	18.4	18.6	56.4	2.4	68	19.4
2024-07-05 05:40:00	89	22.5	22.4	22.5	92.9	2	262	39.6
2024-07-05 05:40:00	92	21.7	20.4	23	64.3	0	0	0.0
2024-07-05 05:50:00	97	20.3	17.6	21.9	42.1	1.4	350	11.5
2024-07-05 05:40:00	98	19.9	18.4	21.3	69.9	1.5	5	24.85
2024-07-05 05:40:00	99	22	20.8	23.2	50.8	1.6	352	12.5
2024-07-05 05:40:00	100	18.3	17	20.1	78.3	0.6	237	26.15
2024-07-05 05:40:00	101	18.1	16.7	19.3	69.7	2.5	355	10.0
2024-07-05 05:40:00	102	19.8	18.5	21.2	54.2	1.4	17	48.65
2024-07-05 05:40:00	103	25.1	22.9	27	39.6	7.4	209	43.05
2024-07-05 05:40:00	104	18.3	16.3	20.9	82.6	1.2	191	32.55
2024-07-05 05:50:00	106	23	21.1	25	45.1	1.5	187	30.75
2024-07-05 05:50:00	3	18.6	18.3	18.8	100	0.4	353	70.1
2024-07-05 05:50:00	6	24	24	24	32.1	1.8	11	26
2024-07-05 05:50:00	16	26.6	26.5	26.7	33	1.5	125	43.4
2024-07-05 05:50:00	20	17.1	16.7	17.3	78.4	1	329	42.3
2024-07-05 05:50:00	27	20.6	20.5	20.7	60	1.6	83	50.9
2024-07-05 05:50:00	29	16.2	15.8	16.5	39.5	1.6	133	17.5
2024-07-05 05:50:00	43	21.9	21.9	22	60.3	0.7	122	55.5
2024-07-05 05:50:00	49	23.8	23.8	24	79.1	1.7	2	10.5
2024-07-05 06:00:00	51	22.4	22.1	22.7	37.7	0.4	78	97.3
2024-07-05 05:50:00	67	25.5	25.3	25.7	34.2	3.1	18	15.9
2024-07-05 05:50:00	76	19.3	19.1	19.5	100	3.9	325	66.75
2024-07-05 05:50:00	80	17.5	17.2	17.8	100	1	69	42.9
2024-07-05 05:50:00	82	24.6	24.6	24.7	74.1	1.1	342	25.2
2024-07-05 05:50:00	87	18.6	18.4	18.6	58.7	1.9	80	24.05
2024-07-05 05:50:00	89	22.5	22.4	22.6	97.1	1.9	245	57.1
2024-07-05 06:00:00	92	22.5	21.4	23.5	60.8	0	0	0.0
2024-07-05 05:50:00	97	20.3	17.6	21.9	42.1	1.4	350	11.5
2024-07-05 05:50:00	98	19.9	18.6	21.1	76.2	0.7	348	30.45
2024-07-05 05:50:00	99	22	20.7	23.1	51.8	1.9	344	12.5
2024-07-05 05:50:00	100	19.1	17.3	21.1	76	0.8	27	35.55
2024-07-05 05:50:00	101	18.6	17.1	20	67.7	3	352	10.5
2024-07-05 05:50:00	102	20	18.7	21.2	56.2	1.2	9	45.75
2024-07-05 05:50:00	103	23.8	22.3	25.9	47.1	7	208	54.0
2024-07-05 05:50:00	104	19	16.8	21.5	79.8	0.6	151	27.65
2024-07-05 06:00:00	106	23	20.8	24.8	45.5	2.1	188	43.25
2024-07-05 06:00:00	3	19.1	18.8	19.4	100	0.7	110	107.7
2024-07-05 06:00:00	6	24	24	24	32.9	2	5	48.8
2024-07-05 06:00:00	16	26.7	26.6	26.8	32.9	1	120	58.9
2024-07-05 06:10:00	20	17.9	17.3	18.4	74.9	1.1	109	85.1
2024-07-05 06:00:00	27	20.5	20.4	20.5	65.8	1.2	125	43.4
2024-07-05 06:00:00	29	16.4	16.2	16.5	39.5	0.8	72	20.6
2024-07-05 06:00:00	43	22.1	22	22.4	63.6	1	162	82.2
2024-07-05 06:10:00	49	24.1	24	24.2	76.7	1.8	6	32.7
2024-07-05 06:10:00	51	23	22.7	23.3	37.8	0.4	359	122.9
2024-07-05 06:10:00	67	26	25.8	26	33.8	3	2	21.3
2024-07-05 06:10:00	76	20	19.8	20.2	100	4.7	326	110.8
2024-07-05 06:10:00	80	18.9	18.6	19.1	100	1.2	94	88.5
2024-07-05 06:10:00	82	24.3	24.2	24.3	87.9	0.8	342	58.55
2024-07-05 06:10:00	87	18.5	18.4	18.7	65	2	70	93.6
2024-07-05 06:10:00	89	23.2	23.1	23.3	87.8	1.2	251	90.1
2024-07-05 06:10:00	92	22.7	21.5	24	60.1	0	0	0.0
2024-07-05 06:10:00	97	18.9	17	20.6	54.5	0.9	2	11.5
2024-07-05 06:10:00	98	19.2	18	20.4	87.7	0.3	235	65.65
2024-07-05 06:10:00	99	22.8	21.4	24.2	50.1	2.1	3	12.5
2024-07-05 06:10:00	100	20.5	18.9	22.1	70.4	1	3	47.55
2024-07-05 06:10:00	101	19.3	18	20.7	65.7	3	353	11.0
2024-07-05 06:10:00	102	21.5	20.2	22.6	50.5	1.8	351	100.2
2024-07-05 06:10:00	103	24	22.6	25.7	43.9	5.8	196	39.4
2024-07-05 06:10:00	104	19.8	17.6	21.9	81.5	1.1	191	52.5
2024-07-05 06:10:00	106	22.7	20.7	24.7	44.7	2.4	178	34.9
2024-07-05 06:20:00	3	20.7	20.3	21	100	0.4	303	117.9
2024-07-05 06:20:00	6	24.4	24.3	24.5	33.5	1.6	5	95.3
2024-07-05 06:20:00	16	27.1	26.8	27.3	32.4	0.9	266	101.3
2024-07-05 06:20:00	20	18.6	18.4	18.9	77.1	0.4	124	108.5
2024-07-05 06:20:00	27	20.5	20.4	20.5	67	1.2	150	50.5
2024-07-05 06:20:00	29	15.6	15.3	16.1	43.4	1.2	102	154.4
2024-07-05 06:20:00	43	23.5	23.3	23.8	60.7	0.5	292	125.1
2024-07-05 06:20:00	49	24.4	24.2	24.6	72.6	1.8	18	47
2024-07-05 06:20:00	51	23.6	23.3	24	36.8	0.3	345	150.2
2024-07-05 06:20:00	67	26.1	26	26.2	35.5	3.2	355	27.1
2024-07-05 06:20:00	76	20.5	20.2	20.8	99.4	4.7	324	133.85
2024-07-05 06:20:00	80	19.4	19.1	19.7	99.7	1.3	91	113.8
2024-07-05 06:20:00	82	24.5	24.3	24.6	94.4	0.6	357	84.35
2024-07-05 06:20:00	87	19.1	18.8	19.4	62.1	1.8	69	117.0
2024-07-05 06:20:00	89	23.3	23.1	23.6	97.5	0.8	269	135.95
2024-07-05 06:20:00	92	22.9	21.7	24	61.3	0	0	0.0
2024-07-05 06:20:00	97	17.8	15.9	19.6	64.5	0.9	354	11.5
2024-07-05 06:20:00	98	19.2	17.9	20.6	89.4	0.4	300	98.55
2024-07-05 06:20:00	99	23.4	22.3	24.7	50.2	1.6	8	12.5
2024-07-05 06:20:00	100	21	19.2	23	70.8	0.8	30	121.3
2024-07-05 06:20:00	101	19.9	18.5	21.3	64.8	3.2	351	11.0
2024-07-05 06:20:00	102	21.5	20.4	22.6	52.8	1.6	342	132.0
2024-07-05 06:20:00	103	23.9	22.5	25.4	46.5	5.6	199	56.8
2024-07-05 06:20:00	104	19.4	17.5	21.9	82.7	0.3	302	43.0
2024-07-05 06:20:00	106	23.2	21.3	25.3	42.5	2.7	177	42.7
2024-07-05 06:30:00	3	21.4	21.1	21.6	100	0.3	229	131.6
2024-07-05 06:30:00	6	24.7	24.6	24.8	32.8	2.1	2	123.8
2024-07-05 06:30:00	16	26.5	26.3	26.8	32.7	2	298	122.6
2024-07-05 06:30:00	20	19.1	19	19.4	77.1	0.3	333	133
2024-07-05 06:30:00	27	20.6	20.5	20.6	70.2	1.3	156	52.8
2024-07-05 06:30:00	29	16.7	16.1	17	40.2	0.9	133	182.1
2024-07-05 06:30:00	43	24.8	23.9	25.6	42.2	0.6	278	171.7
2024-07-05 06:30:00	49	24.9	24.6	25.2	67.9	1.7	26	62.8
2024-07-05 06:30:00	51	24.3	24	24.7	35.5	0.5	108	180.2
2024-07-05 06:30:00	67	26.1	26	26.2	35.8	3.2	347	35.2
2024-07-05 06:30:00	76	21	20.8	21.3	95.3	4.4	329	157.0
2024-07-05 06:30:00	80	20.1	19.8	20.4	97.6	1.3	89	139.85
2024-07-05 06:30:00	82	24.9	24.6	25	93.7	0.9	19	106.65
2024-07-05 06:30:00	87	19.6	19.4	19.8	62.2	1.5	82	139.65
2024-07-05 06:30:00	89	24.2	23.6	24.6	91.1	1.1	224	159.45
2024-07-05 06:30:00	92	23.2	21.9	24.6	58	0	0	0.0
2024-07-05 06:30:00	97	18.2	16.4	19.7	64.6	1.1	24	11.0
2024-07-05 06:30:00	98	20	18.6	21.7	86.4	0.4	318	125.95
2024-07-05 06:30:00	99	24	22.6	25.4	48.8	1.1	12	12.5
2024-07-05 06:30:00	100	21.3	19.5	23	71.7	0.8	209	174.8
2024-07-05 06:30:00	101	20.2	19	21.8	63.9	2.7	351	11.0
2024-07-05 06:30:00	102	21.5	20.4	23	54.8	1.7	323	156.75
2024-07-05 06:30:00	103	24.2	22.4	25.9	45.1	5.9	200	78.2
2024-07-05 06:30:00	104	19.7	16.7	22.3	84.3	0.5	221	45.95
2024-07-05 06:30:00	106	23.3	21.3	25.2	43.2	2.4	177	58.8
2024-07-05 06:40:00	3	21.7	21.6	21.7	100	0.8	212	130.5
2024-07-05 06:40:00	6	25	24.8	25.2	32.7	2.2	3	153.4
2024-07-05 06:40:00	16	27	26.7	27.2	31.7	1.5	282	145.8
2024-07-05 06:40:00	20	20	19.4	20.6	69.4	0.6	126	158.8
2024-07-05 06:40:00	27	20.8	20.6	21.1	70.3	1.1	152	81.9
2024-07-05 06:40:00	29	17	16.9	17.3	42.5	0.6	34	209.1
2024-07-05 06:40:00	43	26	25.6	26.2	42.8	0.4	197	164.9
2024-07-05 06:40:00	49	25.4	25.2	25.5	67.1	1.8	28	79.6
2024-07-05 06:40:00	51	24.9	24.7	25	34.7	0.7	84	210.7
2024-07-05 06:40:00	67	26.1	26	26.1	34.9	2.6	332	137.55
2024-07-05 06:40:00	76	21.5	21.3	21.7	92.2	3.4	334	180.0
2024-07-05 06:40:00	80	20.8	20.4	21.2	96.9	1.3	119	166.4
2024-07-05 06:40:00	82	25.4	25	25.8	89.3	1.3	19	126.55
2024-07-05 06:40:00	87	20.1	19.8	20.5	59.9	1.9	75	166.4
2024-07-05 06:40:00	89	24.5	24.3	24.7	90.8	1.6	298	151.8
2024-07-05 06:40:00	92	23.8	22.6	25.1	55.6	0	0	0.0
2024-07-05 06:40:00	97	17.9	16.7	19.3	70.1	0.8	17	11.0
2024-07-05 06:40:00	98	20.9	19	22.4	81.9	0.3	105	170.3
2024-07-05 06:40:00	99	24.7	23.4	25.9	46.8	1	12	12.5
2024-07-05 06:40:00	100	21.6	19.8	23.6	69.4	0.9	13	212.15
2024-07-05 06:40:00	101	21.1	19.5	22.4	62.7	2.3	347	11.5
2024-07-05 06:40:00	102	22	20.8	23.4	56	1.3	308	183.0
2024-07-05 06:40:00	103	24.8	23.5	26.3	40	6.2	203	65.7
2024-07-05 06:40:00	104	20.2	18.5	21.8	81	0.8	223	52.95
2024-07-05 06:40:00	106	23	21.1	25.3	42.5	2.2	175	56.2
2024-07-05 06:50:00	3	21.9	21.7	22.1	100	1.4	282	235.9
2024-07-05 06:50:00	6	25.3	25.2	25.4	33	2.5	1	183.2
2024-07-05 06:50:00	16	27.5	27.2	27.7	31	1	253	171.3
2024-07-05 06:50:00	20	21	20.6	21.4	62.8	0.8	119	184.7
2024-07-05 06:50:00	27	21.6	21.1	22.3	65.6	0.8	148	149.2
2024-07-05 06:50:00	29	17.6	17.3	18.2	39.3	1.8	91	237.6
2024-07-05 06:50:00	43	26.4	26.2	26.7	38.4	0.8	233	182.4
2024-07-05 06:50:00	49	25.6	25.5	25.6	66.3	2.1	29	97.6
2024-07-05 06:50:00	51	25.3	25	25.6	34.4	0.5	38	240.9
2024-07-05 06:50:00	67	26	26	26.1	32.5	2.2	330	171.25
2024-07-05 06:50:00	76	22.1	21.7	22.4	88.8	3.8	329	206.5
2024-07-05 07:00:00	80	22.4	22.1	22.8	90.3	1.3	104	222.7
2024-07-05 07:00:00	82	26.5	26.3	26.6	80.2	1.5	5	189.3
2024-07-05 06:50:00	87	20.9	20.5	21.3	53.4	2.7	69	191.05
2024-07-05 06:50:00	89	24.1	24	24.3	100	1.5	320	79.05
2024-07-05 06:50:00	92	24.5	22.9	25.8	53.3	0	0	0.0
2024-07-05 06:50:00	97	17.8	16.4	19.8	71.7	1	25	11.0
2024-07-05 06:50:00	98	21.9	20.3	23.1	80.5	0.5	214	195.95
2024-07-05 07:00:00	99	25.7	24.5	26.9	44.8	1.4	13	13.0
2024-07-05 06:50:00	100	23	20.9	25.1	63.5	1.2	62	238.4
2024-07-05 06:50:00	101	21.5	20	22.8	62.4	2.1	351	11.5
2024-07-05 06:50:00	102	22.7	21.4	24.2	53.1	1.5	322	212.05
2024-07-05 06:50:00	103	25.3	23.5	26.5	38.5	6.1	205	106.25
2024-07-05 07:00:00	104	20.9	19.1	22.8	81.8	0.5	265	93.4
2024-07-05 06:50:00	106	23.3	21.1	25.2	42.2	2.7	175	88.05
2024-07-05 07:00:00	3	22.5	22.1	22.8	100	1.3	263	259.6
2024-07-05 07:00:00	6	25.7	25.4	25.9	33.6	2.5	4	212.9
2024-07-05 07:00:00	16	27.9	27.7	28.2	30.1	1.1	244	197.6
2024-07-05 07:00:00	20	21.9	21.4	22.3	59.2	0.7	98	211.6
2024-07-05 07:00:00	27	23.2	22.4	23.8	55.2	1	29	205.6
2024-07-05 07:00:00	29	18.8	18.2	19.1	33.8	2.3	84	266.1
2024-07-05 07:00:00	43	27.4	26.7	28.1	31.3	1	244	315.3
2024-07-05 07:10:00	49	25.9	25.7	26.1	66.1	1.9	29	139.5
2024-07-05 07:00:00	51	25.9	25.6	26.1	31.8	0.8	19	271.6
2024-07-05 07:00:00	67	26.1	26	26.3	31.4	2.1	330	199.05
2024-07-05 07:00:00	76	22.7	22.4	22.9	86.5	3.7	327	235.1
2024-07-05 07:10:00	80	23.3	22.8	23.7	83.7	1.2	105	251.6
2024-07-05 07:10:00	82	27	26.6	27.3	75.7	1.2	4	218.1
2024-07-05 07:00:00	87	21.5	21.3	21.8	51.5	2.4	77	217.3
2024-07-05 07:00:00	89	23.9	23.8	24	100	1.5	315	69.4
2024-07-05 07:00:00	92	25.3	23.9	26.8	53	0	0	0.0
2024-07-05 07:00:00	97	18.8	17.1	20.4	65.4	1.2	30	11.0
2024-07-05 07:00:00	98	22.5	20.8	24.1	77.8	0.3	62	216.9
2024-07-05 07:00:00	99	25.7	24.5	26.9	44.8	1.4	13	13.0
2024-07-05 07:00:00	100	24.6	22.6	26.3	57.8	1.2	59	112.1
2024-07-05 07:00:00	101	22	20.6	23.9	60.4	2.6	353	12.0
2024-07-05 07:00:00	102	24	22.3	25.7	47.5	1.5	4	243.25
2024-07-05 07:00:00	103	25.7	23.6	27.3	36.5	5.9	207	266.0
2024-07-05 07:00:00	104	20.9	19.1	22.8	81.8	0.5	265	93.4
2024-07-05 07:00:00	106	23.5	21.7	25.4	42.2	2.3	170	71.35
2024-07-05 07:10:00	3	23	22.8	23.3	100	1.2	288	279.7
2024-07-05 07:10:00	6	26.1	25.9	26.3	33.5	2.7	1	243.4
2024-07-05 07:10:00	16	28.6	28.2	28.9	29.5	0.9	220	225.8
2024-07-05 07:10:00	20	22.7	22.3	23.1	58.1	0.5	113	237.9
2024-07-05 07:10:00	27	24.2	23.8	24.5	52.5	0.9	43	229.5
2024-07-05 07:10:00	29	19.4	19.1	19.6	34.8	1.4	70	294
2024-07-05 07:10:00	43	28.4	28.2	28.6	29.1	0.8	222	222.8
2024-07-05 07:10:00	49	25.9	25.7	26.1	66.1	1.9	29	139.5
2024-07-05 07:20:00	51	26.9	26.6	27	30.6	0.6	79	335.1
2024-07-05 07:10:00	67	26.7	26.3	27	30.6	2	337	227.7
2024-07-05 07:10:00	76	23.2	23	23.5	85.4	3.8	323	264.2
2024-07-05 07:20:00	80	24.2	23.7	24.6	78.4	1	103	280.25
2024-07-05 07:10:00	82	27	26.6	27.3	75.7	1.2	4	218.1
2024-07-05 07:10:00	87	22.2	21.9	22.5	54	1.3	85	239.85
2024-07-05 07:10:00	89	23.8	23.7	23.9	100	0.9	292	76.55
2024-07-05 07:10:00	92	26.3	24.7	27.3	48.8	0	0	0.0
2024-07-05 07:10:00	97	19.4	17.9	21.1	65.3	0.9	25	11.0
2024-07-05 07:10:00	98	23.7	22	25.2	76.3	0.5	128	244.75
2024-07-05 07:20:00	99	26.5	25.2	27.8	39.6	1.6	42	13.0
2024-07-05 07:10:00	100	25.2	23.6	26.5	59.5	1.1	54	73.5
2024-07-05 07:10:00	101	22.4	21.1	23.6	58.9	2.2	358	12.0
2024-07-05 07:10:00	102	25.3	23.7	26.4	43.6	1.5	5	270.8
2024-07-05 07:10:00	103	26.6	24.7	28.1	33	5.8	212	314.95
2024-07-05 07:10:00	104	21.4	19.5	22.9	79.7	0.9	240	75.2
2024-07-05 07:20:00	106	23.3	21.4	25.1	44	2.2	172	69.0
2024-07-05 07:30:00	3	24.3	24.2	24.3	100	1.2	308	369.8
2024-07-05 07:20:00	6	26.5	26.3	26.8	33.5	2.7	13	272.6
2024-07-05 07:20:00	16	29	28.9	29.2	28.3	0.8	273	254.6
2024-07-05 07:20:00	20	23.4	23.1	23.5	56.8	1.1	96	265.2
2024-07-05 07:20:00	27	25	24.5	25.5	50.5	0.7	64	252.2
2024-07-05 07:20:00	29	19.9	19.5	20.2	34	2.3	53	322
2024-07-05 07:20:00	43	29	28.6	29.5	29.3	0.6	212	310.3
2024-07-05 07:20:00	49	26.2	26.1	26.3	65.6	1.7	23	162.2
2024-07-05 07:30:00	51	27.2	27	27.5	28.7	0.7	47	366.4
2024-07-05 07:20:00	67	27.3	27	27.7	29.1	1.3	292	257.35
2024-07-05 07:20:00	76	23.9	23.6	24.2	83.7	3.1	319	293.3
2024-07-05 07:20:00	80	24.2	23.7	24.6	78.4	1	103	280.25
2024-07-05 07:20:00	82	27.7	27.3	28	69.7	1.2	14	246.4
2024-07-05 07:30:00	87	23.5	23.2	23.8	53.9	1.5	113	271.5
2024-07-05 07:20:00	89	23.8	23.8	23.9	100	1.2	314	96.8
2024-07-05 07:20:00	92	26.3	25.2	27.4	49.1	0	0	0.0
2024-07-05 07:30:00	97	20.8	18.6	22.1	62.7	0.5	9	11.0
2024-07-05 07:20:00	98	23.8	22.5	25	76.9	0.7	116	265.2
2024-07-05 07:20:00	99	26.5	25.2	27.8	39.6	1.6	42	13.0
2024-07-05 07:20:00	100	25.8	23.7	27.2	57.3	1.5	57	182.5
2024-07-05 07:20:00	101	22.9	21.7	24.5	56.2	2.5	357	12.0
2024-07-05 07:20:00	102	25.6	24.3	26.7	43.8	1.8	16	304.8
2024-07-05 07:20:00	103	27.3	25.6	29	33.5	5.3	223	202.05
2024-07-05 07:30:00	104	21.8	19.7	24	78.5	0.7	234	80.15
2024-07-05 07:20:00	106	23.3	21.4	25.1	44	2.2	172	69.0
2024-07-05 07:30:00	3	24.3	24.2	24.3	100	1.2	308	369.8
2024-07-05 07:30:00	6	27.1	26.8	27.4	32.6	3	12	301.5
2024-07-05 07:30:00	16	29.3	29.2	29.4	27.9	1.1	283	283.9
2024-07-05 07:30:00	20	23.7	23.5	23.9	55.5	1.5	94	292.8
2024-07-05 07:30:00	27	25.9	25.5	26.4	49.6	0.4	103	276.1
2024-07-05 07:30:00	29	20.4	20.1	20.8	34	1.7	41	348.9
2024-07-05 07:30:00	43	29.5	29.4	29.7	26.5	1.3	291	353
2024-07-05 07:40:00	49	26.8	26.6	27	64.3	2	21	205.4
2024-07-05 07:40:00	51	27.4	27.3	27.6	29.1	1	79	396.2
2024-07-05 07:40:00	67	28.7	28.5	28.9	20.8	1.8	3	322.0
2024-07-05 07:40:00	76	25.3	25	25.6	77.3	2.7	325	341.35
2024-07-05 07:40:00	80	25.7	25.4	26.1	53.4	2	112	341.55
2024-07-05 07:40:00	82	28.9	28.7	29.1	68	1	57	304.4
2024-07-05 07:40:00	87	24.1	23.8	24.5	49.9	1.4	150	298.15
2024-07-05 07:40:00	89	24.1	23.9	24.3	100	1.5	315	196.65
2024-07-05 07:40:00	92	27	25.6	28.3	47.8	0	0	0.0
2024-07-05 07:40:00	97	21.6	20	23.1	64.1	0.4	353	11.5
2024-07-05 07:40:00	98	24.5	23.1	26.2	70.9	0.8	154	322.65
2024-07-05 07:40:00	99	27.3	26.2	28.3	36.5	1.6	72	13.5
2024-07-05 07:40:00	100	25.9	24.6	27.4	57.6	1.4	54	381.25
2024-07-05 07:40:00	101	24.2	22.9	25.7	50.8	1.5	15	12.5
2024-07-05 07:40:00	102	26.6	25.4	27.9	39.4	2.3	22	382.25
2024-07-05 07:40:00	103	25.8	24.3	27.2	40.2	3.4	208	167.4
2024-07-05 07:40:00	104	21.8	19.7	24.1	79.3	0.7	256	116.0
2024-07-05 07:40:00	106	23.5	21.8	25.6	41.8	2.5	173	58.1
2024-07-05 07:50:00	3	24.4	24.3	24.5	100	1.3	255	239
2024-07-05 07:50:00	6	28.2	28	28.4	32	2.9	20	362.6
2024-07-05 07:50:00	16	29.8	29.7	29.9	26.9	1.4	263	314
2024-07-05 07:50:00	20	24.5	24.2	25	52.4	1.7	108	309.4
2024-07-05 07:50:00	27	27.9	27.6	28.1	45.8	0.6	347	324.3
2024-07-05 07:50:00	29	21.3	21	21.6	31.7	1.9	57	405.1
2024-07-05 07:50:00	43	29	28.9	29.4	27.2	2.2	284	329.9
2024-07-05 07:50:00	49	27.2	27	27.4	62.5	2.3	28	233.1
2024-07-05 07:50:00	51	27.7	27.4	28.2	28.7	0.6	94	418.3
2024-07-05 07:50:00	67	29.1	28.9	29.6	19.3	2.6	348	357.55
2024-07-05 07:50:00	76	26.1	25.6	26.6	66.4	2.5	325	381.55
2024-07-05 07:50:00	80	26.4	26.2	26.8	47.2	2.1	114	371.65
2024-07-05 07:50:00	82	29.3	29.1	29.4	72.2	0.9	104	333.5
2024-07-05 07:50:00	87	24.8	24.5	24.9	47.5	1.7	140	328.2
2024-07-05 07:50:00	89	24.3	24.2	24.4	100	2	333	237.0
2024-07-05 07:50:00	92	27.3	26.3	28.4	48.1	0	0	0.0
2024-07-05 07:50:00	97	22.5	20.9	24.3	55.7	0.6	351	11.5
2024-07-05 07:50:00	98	25.3	23.6	26.3	67.8	0.7	200	353.85
2024-07-05 07:50:00	99	27.1	25.9	28.3	36.7	2.3	36	13.5
2024-07-05 07:50:00	100	26.7	25.1	28.4	57.5	0.6	43	406.95
2024-07-05 07:50:00	101	24.9	23.6	25.9	45.4	1.6	9	13.0
2024-07-05 07:50:00	102	27	25.8	28	36.8	2.3	27	401.6
2024-07-05 07:50:00	103	25.7	24.1	27.2	42.5	1.9	275	172.6
2024-07-05 07:50:00	104	21.9	20.3	23.6	79.5	0.7	252	147.9
2024-07-05 07:50:00	106	23.7	21.7	25.6	42.4	2.5	177	64.35
2024-07-05 08:00:00	3	24.3	24.3	24.4	100	1.4	272	244
2024-07-05 08:00:00	6	28.7	28.4	29	31.4	2.8	16	392.5
2024-07-05 08:00:00	16	29.9	29.9	30	26.8	1.7	265	365.9
2024-07-05 08:00:00	20	25.3	25	25.7	47.6	1.2	95	371.9
2024-07-05 08:00:00	27	28.2	28	28.7	43.2	0.8	328	347.8
2024-07-05 08:00:00	29	21.8	21.6	22	32.4	1.9	41	431.5
2024-07-05 08:00:00	43	29.2	29	29.6	27.6	2	289	437.6
2024-07-05 08:00:00	49	27.7	27.4	27.9	61.2	2.1	27	259.4
2024-07-05 08:00:00	51	28.2	28.2	28.3	27.5	0.9	30	453.1
2024-07-05 08:00:00	67	29.9	29.6	30.3	16.8	2.5	355	396.35
2024-07-05 08:00:00	76	26.7	26.6	26.8	60.9	2.5	320	410.0
2024-07-05 08:00:00	80	27.1	26.8	27.5	40	2	124	401.35
2024-07-05 08:00:00	82	29.1	29	29.2	75.9	0.8	167	361.55
2024-07-05 08:00:00	87	25.1	24.9	25.4	44.8	1.6	128	346.65
2024-07-05 08:00:00	89	24.9	24.4	25.2	100	1.5	339	275.8
2024-07-05 08:00:00	92	28	26.8	29	44.1	0	0	0.0
2024-07-05 08:00:00	97	23.6	21.5	25	49.4	0.7	350	11.5
2024-07-05 08:00:00	98	25.3	23.7	26.4	68.7	0.6	277	374.3
2024-07-05 08:00:00	99	27.5	26.3	28.6	36.7	2.3	25	13.5
2024-07-05 08:00:00	100	27.4	25.9	29	51.6	0.6	348	433.55
2024-07-05 08:00:00	101	25.1	23.6	26.5	44.6	1.7	25	13.0
2024-07-05 08:00:00	102	27.3	26.4	28.5	34.6	2	36	429.75
2024-07-05 08:00:00	103	25.8	24.3	27	41.3	2.1	273	122.4
2024-07-05 08:00:00	104	22.3	20.7	24.1	75.6	1.4	230	149.6
2024-07-05 08:00:00	106	23.6	21.5	25.3	45.2	2.4	176	121.15
2024-07-05 08:10:00	3	24.5	24.2	24.9	99.7	1.3	285	382
2024-07-05 08:10:00	6	29.2	29	29.3	31.2	3.2	19	422
2024-07-05 08:10:00	16	30.1	29.9	30.3	26.3	1.8	269	402.4
2024-07-05 08:10:00	20	26.4	25.8	26.9	46.2	0.6	98	396.6
2024-07-05 08:10:00	27	29.1	28.7	29.4	41.6	0.9	339	372.1
2024-07-05 08:10:00	29	22.1	22	22.2	30.1	2.3	39	458.9
2024-07-05 08:10:00	43	29.3	29.2	29.3	28.6	1.2	304	199.5
2024-07-05 08:10:00	49	28.1	27.9	28.2	59.5	2.3	25	283.1
2024-07-05 08:10:00	51	28.6	28.3	28.9	27.4	0.8	56	480.4
2024-07-05 08:10:00	67	30.5	30.4	30.8	16.2	1.5	338	440.8
2024-07-05 08:10:00	76	27.1	26.8	27.4	53.2	2.1	348	438.1
2024-07-05 08:10:00	80	27.9	27.5	28.1	35	1.7	122	430.15
2024-07-05 08:10:00	82	29.4	29.2	29.6	72.6	1.3	198	389.5
2024-07-05 08:10:00	87	25.7	25.5	26	44.6	1.2	117	347.35
2024-07-05 08:10:00	89	25.6	25.2	25.9	100	0.6	327	186.9
2024-07-05 08:10:00	92	27.7	26.7	29	42.3	0	0	0.0
2024-07-05 08:10:00	97	24.8	23.5	26.5	47.6	0.4	331	11.5
2024-07-05 08:10:00	98	25.5	24.1	26.7	65.6	0.6	249	398.95
2024-07-05 08:10:00	99	27.8	26.5	28.7	35.1	2.4	47	13.5
2024-07-05 08:10:00	100	27.6	26.1	29	49	0.5	320	456.9
2024-07-05 08:10:00	101	25.9	24.5	27.2	37.7	2.9	80	13.5
2024-07-05 08:10:00	102	27.7	26.4	28.9	34.1	2.1	48	458.0
2024-07-05 08:10:00	103	25.9	24.2	27.4	38.9	2.4	251	161.85
2024-07-05 08:10:00	104	23	21.1	24.7	75.4	1.6	241	143.75
2024-07-05 08:10:00	106	23.5	21.1	25.4	47.4	1.9	188	138.0
2024-07-05 08:20:00	3	24.9	24.8	25.2	98.6	0.9	289	282.9
2024-07-05 08:20:00	6	29.5	29.3	29.7	30.9	3.3	17	448.5
2024-07-05 08:20:00	16	30.4	30.2	30.5	25.7	1.9	288	431.4
2024-07-05 08:20:00	20	27	26.9	27.1	45.7	1.1	91	423.3
2024-07-05 08:20:00	27	29.6	29.4	29.9	39.9	1.1	2	394.6
2024-07-05 08:20:00	29	22.3	22.2	22.3	29	2	10	485
2024-07-05 08:20:00	43	28.9	28.7	29.2	29.5	1.2	307	167.8
2024-07-05 08:30:00	49	28.7	28.6	29	57.1	2.3	26	329.7
2024-07-05 08:20:00	51	29.1	28.9	29.3	27	0.6	55	366.3
2024-07-05 08:20:00	67	30.9	30.8	31.2	17	1.5	329	475.55
2024-07-05 08:20:00	76	27.6	27.4	27.9	44.7	1.7	17	465.05
2024-07-05 08:30:00	80	28.9	28.4	29.3	23.9	1.1	130	485.85
2024-07-05 08:20:00	82	28.9	28.7	29.2	69.4	2.3	230	424.95
2024-07-05 08:20:00	87	26.6	26	26.8	40.1	0.9	113	392.75
2024-07-05 08:20:00	89	25.9	25.9	26	98.8	0.9	42	191.05
2024-07-05 08:20:00	92	27.7	26.5	28.9	38	0	0	0.0
2024-07-05 08:30:00	97	25.8	24.3	27.5	46	0.6	173	12.0
2024-07-05 08:20:00	98	25.9	24.6	27.5	66.3	0.7	217	434.65
2024-07-05 08:20:00	99	28	26.9	29.1	35.2	2.3	38	14.0
2024-07-05 08:20:00	100	28.2	26.7	29.7	46.2	0.8	266	475.65
2024-07-05 08:20:00	101	26.4	25.4	27.5	35.5	2.9	90	13.5
2024-07-05 08:20:00	102	27.9	26.8	29.1	32.9	1.9	43	480.35
2024-07-05 08:20:00	103	26	24.7	27.4	38	2.1	233	69.0
2024-07-05 08:20:00	104	23.1	21.1	24.7	76.8	0.7	267	131.45
2024-07-05 08:20:00	106	23.9	21.9	25.7	45.4	2	166	142.5
2024-07-05 08:30:00	3	25.1	24.9	25.2	98.5	0.9	319	214.8
2024-07-05 08:30:00	6	29.8	29.7	30.1	31	3.3	23	473.8
2024-07-05 08:40:00	16	30.6	30.5	30.9	25.4	2.6	334	475.1
2024-07-05 08:30:00	20	27.2	27.1	27.3	45.7	1.4	93	450.2
2024-07-05 08:30:00	27	30.2	29.9	30.3	39	1.1	357	414.7
2024-07-05 08:30:00	29	22.4	22.2	22.5	28.7	1.7	66	510.5
2024-07-05 08:30:00	43	28.5	28.2	28.8	31	1.7	316	139.9
2024-07-05 08:30:00	49	28.7	28.6	29	57.1	2.3	26	329.7
2024-07-05 08:40:00	51	29.6	29.4	29.9	25.9	0.8	102	563.9
2024-07-05 08:30:00	67	30.9	30.7	31.2	18.4	2.8	346	501.7
2024-07-05 08:30:00	76	27.9	27.6	28.3	44.6	1.4	26	490.7
2024-07-05 08:30:00	80	28.9	28.4	29.3	23.9	1.1	130	485.85
2024-07-05 08:30:00	82	28.7	28.6	28.9	68.8	2.3	225	460.35
2024-07-05 08:30:00	87	27.2	26.9	27.5	33.1	1.1	116	377.6
2024-07-05 08:30:00	89	26	25.9	26.1	97.8	0.8	1	119.05
2024-07-05 08:30:00	92	27	26.1	28.4	45.1	0	0	0.0
2024-07-05 08:30:00	97	25.8	24.3	27.5	46	0.6	173	12.0
2024-07-05 08:30:00	98	26.8	25	28.1	64.3	0.5	200	465.95
2024-07-05 08:30:00	99	28.6	27.3	29.6	35.1	1.9	31	14.0
2024-07-05 08:30:00	100	28.6	27	29.7	45.2	0.9	227	498.35
2024-07-05 08:30:00	101	26.6	25.6	27.5	35.1	3.1	92	14.0
2024-07-05 08:30:00	102	28	26.9	29.2	34	2	95	493.95
2024-07-05 08:30:00	103	26.1	25	27.9	35.7	3.9	235	164.25
2024-07-05 08:30:00	104	23.1	21.3	25.1	78.2	0.5	271	172.0
2024-07-05 08:30:00	106	24.1	22.5	25.8	45	1.5	178	126.8
2024-07-05 08:40:00	3	25	24.9	25	96.5	0.8	249	223.6
2024-07-05 08:40:00	6	30.3	30	30.6	30	3.2	16	502.5
2024-07-05 08:40:00	16	30.6	30.5	30.9	25.4	2.6	334	475.1
2024-07-05 08:40:00	20	27.5	27.3	27.6	45.3	1.7	87	479.5
2024-07-05 08:40:00	27	30.5	30.3	30.7	35.1	1	349	436.8
2024-07-05 08:40:00	29	22.6	22.5	22.7	29.4	2.4	19	535
2024-07-05 08:40:00	43	27.8	27.5	28.2	31.9	1.9	303	117.7
2024-07-05 08:40:00	49	29.3	29	29.5	56.4	2.1	36	352.8
2024-07-05 08:50:00	51	30.3	30	30.7	24.7	0.5	137	590.2
2024-07-05 08:40:00	67	31.3	31	31.5	18.9	3.2	346	528.3
2024-07-05 08:40:00	76	28.1	27.9	28.3	43	2.2	94	520.95
2024-07-05 08:40:00	80	29.4	29.3	29.6	21.8	1	360	510.25
2024-07-05 08:40:00	82	29	28.9	29.1	62.3	2.5	216	489.4
2024-07-05 08:40:00	87	27.5	27.3	27.6	26.6	1	132	368.3
2024-07-05 08:40:00	89	25.8	25.5	26	99.9	0.9	46	186.2
2024-07-05 08:40:00	92	27.6	26.3	28.7	42.9	0	0	0.0
2024-07-05 08:50:00	97	25.8	24.5	27.3	52.1	1.3	156	12.5
2024-07-05 08:40:00	98	27	25.8	28.3	63.2	0.8	211	486.25
2024-07-05 08:40:00	99	28.8	27.3	29.6	33.8	2.5	43	14.0
2024-07-05 08:40:00	100	27.9	26.5	29.4	46.3	1	213	526.3
2024-07-05 08:40:00	101	26.7	25.6	27.9	35.7	3	101	14.0
2024-07-05 08:40:00	102	28	26.8	29	34.9	2.7	110	531.55
2024-07-05 08:40:00	103	26.9	25.8	28.3	32.2	4.9	249	224.9
2024-07-05 08:40:00	104	23.2	21.3	25.6	78.6	0.7	258	180.25
2024-07-05 08:50:00	106	25.4	22.9	27.2	36.9	1.1	295	127.95
2024-07-05 08:50:00	3	25.1	25	25.1	94.2	0.8	339	238.6
2024-07-05 08:50:00	6	30.9	30.6	31.1	29.3	3.4	16	530.4
2024-07-05 08:50:00	16	31	30.9	31.3	24.8	2.9	309	507.9
2024-07-05 08:50:00	20	27.8	27.6	28.2	45.4	1.5	105	503.7
2024-07-05 08:50:00	27	30.9	30.7	31.1	28.4	1.4	304	456.6
2024-07-05 08:50:00	29	22.6	22.6	22.8	29.6	2.5	16	560.7
2024-07-05 08:50:00	43	28	27.5	28.6	30.9	1.1	263	520.9
2024-07-05 08:50:00	49	29.7	29.5	29.9	55.6	1.9	27	374.7
2024-07-05 09:00:00	51	30.6	30.4	30.7	25	1	106	615.7
2024-07-05 09:00:00	67	31.9	31.7	32.1	21.5	2	324	576.1
2024-07-05 09:00:00	76	27.9	27.7	28.3	43.1	2.3	72	585.55
2024-07-05 09:00:00	80	29.1	28.9	29.2	28.3	1.7	16	566.35
2024-07-05 09:00:00	82	29.1	29	29.2	47.7	2.9	193	548.4
2024-07-05 09:00:00	87	28.3	28.1	28.6	19.7	2.4	235	437.5
2024-07-05 09:00:00	89	26.5	26.2	26.6	92.9	1.3	49	209.55
2024-07-05 09:00:00	92	26.9	25.7	27.9	48.6	0	0	0.0
2024-07-05 09:00:00	97	26.2	24.3	27.3	52.2	1.2	160	12.5
2024-07-05 09:00:00	98	27.4	26.1	28.5	60.6	0.7	220	556.85
2024-07-05 09:00:00	99	29.1	28.1	30.3	31.6	1.7	91	14.5
2024-07-05 09:00:00	100	28.1	26.4	29.4	45.5	1.7	241	572.75
2024-07-05 09:00:00	101	26.8	25.9	28.3	36.2	2.6	114	14.0
2024-07-05 09:00:00	102	28.3	27.4	29.5	35.9	2.2	106	587.6
2024-07-05 09:00:00	103	27.6	25.8	29.5	29.8	6.4	254	577.55
2024-07-05 09:00:00	104	23.7	21.5	25.7	79.8	0.5	263	199.65
2024-07-05 09:00:00	106	25.2	23.2	27.2	41.6	0.6	185	168.2
2024-07-05 09:10:00	3	25.6	25.5	25.8	90.3	0.5	251	260.7
2024-07-05 09:10:00	6	31.7	31.5	31.8	28.1	3.4	22	582.1
2024-07-05 09:10:00	16	31.8	31.6	32.2	23.2	2.5	331	567.3
2024-07-05 09:00:00	20	28.6	28.2	28.9	43.8	1.5	104	528.3
2024-07-05 09:10:00	27	31.3	31.2	31.5	25.3	1.6	268	505.4
2024-07-05 09:10:00	29	23.1	22.9	23.3	30.2	2.3	38	594.1
2024-07-05 09:10:00	43	29.3	29.2	29.4	29.1	1.1	306	231.6
2024-07-05 09:10:00	49	30.5	30.4	30.8	53.9	2	25	418.2
2024-07-05 09:10:00	51	30.9	30.6	31	24.4	1	39	642.2
2024-07-05 09:10:00	67	32.1	31.9	32.2	18.1	2.4	334	600.0
2024-07-05 09:10:00	76	28.3	28.1	28.4	39.4	2.6	73	603.8
2024-07-05 09:10:00	80	29.2	28.9	29.4	30.9	1.1	354	585.6
2024-07-05 09:10:00	82	29.4	29.2	29.5	47.9	2.4	208	575.5
2024-07-05 09:10:00	87	28.5	28.4	28.6	20.6	3.9	259	448.7
2024-07-05 09:10:00	89	26.7	26.6	26.9	94.7	1.1	109	149.75
2024-07-05 09:10:00	92	27.2	26.1	28	48.5	0	0	0.0
2024-07-05 09:10:00	97	26	24.5	27.5	52.8	1.3	164	13.0
2024-07-05 09:10:00	98	27.4	25.9	28.7	61.7	0.9	209	483.8
2024-07-05 09:10:00	99	29.2	27.8	30.1	32.3	2.1	58	14.5
2024-07-05 09:10:00	100	27.9	26.5	29.1	46.6	1.3	203	598.75
2024-07-05 09:10:00	101	26.9	25.7	28.3	34.7	2.5	99	14.5
2024-07-05 09:10:00	102	28.4	27	29.5	35	2.8	103	609.75
2024-07-05 09:10:00	103	28.2	26.7	29.7	30.8	5.5	271	695.35
2024-07-05 09:10:00	104	24.1	22.3	25.9	77.5	1	242	224.05
2024-07-05 09:10:00	106	25	23.4	26.9	44.7	0.5	159	135.2
2024-07-05 09:20:00	3	26	25.8	26.2	88.9	0.5	203	264.2
2024-07-05 09:20:00	6	32.1	31.8	32.3	27.8	3	3	609.4
2024-07-05 09:20:00	16	32.1	32	32.4	22.8	2.1	351	588.3
2024-07-05 09:20:00	20	30.5	30	30.9	40.6	0.5	134	573.2
2024-07-05 09:20:00	27	31.7	31.5	32	25	1.4	262	522
2024-07-05 09:20:00	29	23.4	23.3	23.4	29.2	2.3	43	642
2024-07-05 09:20:00	43	29.2	29	29.4	30	1.1	313	169.8
2024-07-05 09:20:00	49	30.7	30.6	30.8	53.2	2.4	20	439.1
2024-07-05 09:20:00	51	31.1	30.9	31.4	24.3	0.9	75	666.4
2024-07-05 09:20:00	67	32.5	32.1	32.9	14.3	3.8	337	625.2
2024-07-05 09:20:00	76	28.2	28.2	28.3	39.3	3	64	627.5
2024-07-05 09:20:00	80	29.6	29.4	29.8	26	1.5	2	610.6
2024-07-05 09:20:00	82	29.5	29.4	29.6	45.9	2.9	208	604.2
2024-07-05 09:20:00	87	28.7	28.4	29	21	3.9	260	529.0
2024-07-05 09:20:00	89	26.9	26.8	27	100	1.3	122	208.1
2024-07-05 09:20:00	92	27	26.1	28.3	46.6	0	0	0.0
2024-07-05 09:20:00	97	26	24.5	27.5	49.4	1.5	161	13.0
2024-07-05 09:20:00	98	27.8	26.3	29.1	63.2	0.5	207	595.2
2024-07-05 09:20:00	99	29.2	27.9	30.3	31.9	2.5	49	14.5
2024-07-05 09:20:00	100	29	26.9	30.6	44.6	1.2	169	621.95
2024-07-05 09:20:00	101	27.1	25.8	28.4	38.8	2.6	137	14.5
2024-07-05 09:20:00	102	28.3	27	29.8	35.6	2.1	99	635.3
2024-07-05 09:20:00	103	27.8	25.9	29.5	32.9	5	275	258.4
2024-07-05 09:20:00	104	24.7	22.8	26.5	71.5	1	231	364.75
2024-07-05 09:30:00	106	25.5	23.4	27.4	48	0.6	182	256.0
2024-07-05 09:40:00	3	26.9	26.5	27.3	87.9	0.9	175	556.1
2024-07-05 09:30:00	6	32.5	32.3	32.6	26.9	3.4	355	638.6
2024-07-05 09:40:00	16	33.1	32.9	33.2	21.6	2.9	328	647.5
2024-07-05 09:40:00	20	31.9	31.6	32.3	34.8	0.4	141	521.2
2024-07-05 09:30:00	27	32.1	31.9	32.2	24.6	1.4	269	543.9
2024-07-05 09:30:00	29	23.3	23.1	23.5	29	2.1	17	669
2024-07-05 09:30:00	43	28.8	28.6	29	31.3	1.3	321	154.7
2024-07-05 09:30:00	49	30.8	30.6	30.8	51.7	2.5	33	459.9
2024-07-05 09:40:00	51	32.4	32	32.6	22.4	1.2	243	695.6
2024-07-05 09:30:00	67	32.8	32.6	33	13.8	4.9	337	649.2
2024-07-05 09:40:00	76	28.7	28.5	29	42	3.2	124	653.55
2024-07-05 09:40:00	80	30.5	30.3	30.8	22.9	1.4	53	655.85
2024-07-05 09:40:00	82	29.7	29.6	29.8	43.2	3.1	197	659.4
2024-07-05 09:30:00	87	29	28.9	29.1	20.1	4.7	255	567.15
2024-07-05 09:30:00	89	27	26.9	27.1	92.9	0.9	93	169.9
2024-07-05 09:30:00	92	26.8	25.6	27.8	49.7	0	0	0.0
2024-07-05 09:30:00	97	26.4	24.5	27.9	48.1	1.2	156	13.0
2024-07-05 09:30:00	98	27.7	26.5	29	61.3	1.1	197	584.5
2024-07-05 09:30:00	99	29.3	28.1	30.3	32.2	2.2	43	14.5
2024-07-05 09:30:00	100	30.3	28.9	31.6	40	1.3	160	648.7
2024-07-05 09:30:00	101	26.9	25.7	28.1	39.4	2.1	150	14.5
2024-07-05 09:30:00	102	28.4	27	29.7	34.1	2.5	121	658.5
2024-07-05 09:30:00	103	27.1	25.7	28.6	34	4.9	271	208.8
2024-07-05 09:30:00	104	24.7	23.1	26.9	68.2	1.2	230	255.95
2024-07-05 09:40:00	106	26.1	24.1	28.1	45.5	0.2	122	227.5
2024-07-05 09:40:00	3	26.9	26.5	27.3	87.9	0.9	175	556.1
2024-07-05 09:40:00	6	32.8	32.6	33	27.1	3.6	353	664.9
2024-07-05 09:40:00	16	33.1	32.9	33.2	21.6	2.9	328	647.5
2024-07-05 09:40:00	20	31.9	31.6	32.3	34.8	0.4	141	521.2
2024-07-05 09:40:00	27	32.4	32.1	32.8	24.5	1.5	260	566.2
2024-07-05 09:40:00	29	23.4	23.2	23.5	29.2	2	37	683.8
2024-07-05 09:40:00	43	28.4	28.2	28.6	31.3	1.7	312	173.5
2024-07-05 09:40:00	49	31.1	30.8	31.2	50.9	2	29	477.8
2024-07-05 09:40:00	51	32.4	32	32.6	22.4	1.2	243	695.6
2024-07-05 09:50:00	67	33.8	33.5	34.1	13	4	329	689.8
2024-07-05 09:40:00	76	28.7	28.5	29	42	3.2	124	653.55
2024-07-05 09:40:00	80	30.5	30.3	30.8	22.9	1.4	53	655.85
2024-07-05 09:50:00	82	30.2	29.8	30.5	44	2.5	212	684.75
2024-07-05 09:40:00	87	29.2	29	29.3	19.4	4.6	255	579.5
2024-07-05 09:40:00	89	27	26.8	27.3	96.6	0.9	101	271.6
2024-07-05 09:40:00	92	27	26.1	27.9	47.7	0	0	0.0
2024-07-05 09:50:00	97	26.7	25	28.1	47.5	1.5	179	13.5
2024-07-05 09:40:00	98	28.3	26.7	29.7	57.1	1	145	572.85
2024-07-05 09:40:00	99	29.6	28.5	30.6	31.9	2.5	39	15.0
2024-07-05 09:40:00	100	30.7	29	32.2	36.9	1.6	162	680.1
2024-07-05 09:40:00	101	26.8	25.6	27.9	39.8	3	145	14.5
2024-07-05 09:40:00	102	28.6	27.4	30.1	35.5	2.1	124	680.7
2024-07-05 09:40:00	103	28	26.5	29.6	30.5	6.4	268	508.15
2024-07-05 09:40:00	104	25.5	23.9	27.5	67.1	0.6	307	387.35
2024-07-05 09:40:00	106	26.1	24.1	28.1	45.5	0.2	122	227.5
2024-07-05 09:50:00	3	27.4	27.3	27.5	82.7	0.6	221	394.4
2024-07-05 09:50:00	6	33.2	33	33.3	25.5	4.1	351	686.8
2024-07-05 09:50:00	16	33	32.9	33.1	21.6	3.9	328	672.7
2024-07-05 09:50:00	20	32.6	32.3	32.8	32.5	0.4	200	632.6
2024-07-05 09:50:00	27	32.8	32.4	33.1	23.9	1.2	252	582.2
2024-07-05 09:50:00	29	23.6	23.2	23.8	29.8	2.4	41	703.1
2024-07-05 09:50:00	43	28.4	28.2	28.8	31	0.9	320	300.4
2024-07-05 10:00:00	49	31.8	31.6	32	49.5	2.2	13	509.5
2024-07-05 09:50:00	51	32.2	32	32.6	20	1.3	252	734.8
2024-07-05 10:00:00	67	34.1	33.8	34.5	13.1	5.3	333	713.05
2024-07-05 10:00:00	76	28.4	28.2	28.6	41.5	2.7	96	694.15
2024-07-05 09:50:00	80	31.2	30.8	31.5	18.3	1.4	38	676.55
2024-07-05 10:00:00	82	30.4	30.3	30.6	42.4	2.9	211	706.65
2024-07-05 09:50:00	87	29.3	29.2	29.3	18.4	5.1	258	485.4
2024-07-05 09:50:00	89	27.7	27.3	28.3	86.6	1.1	79	467.05
2024-07-05 09:50:00	92	27.3	26.1	28.4	48	0	0	0.0
2024-07-05 10:00:00	97	26.8	25.2	28.4	47.9	1.3	171	13.5
2024-07-05 09:50:00	98	28.6	27.4	29.8	54.8	1	123	628.1
2024-07-05 09:50:00	99	29.9	28.9	31.1	31.3	1.7	46	15.0
2024-07-05 09:50:00	100	31.3	30.1	32.6	36	1.6	180	698.05
2024-07-05 09:50:00	101	26.8	25.4	27.8	38.6	2.1	149	14.5
2024-07-05 09:50:00	102	28.9	27.3	30.3	37.5	1.8	134	699.65
2024-07-05 09:50:00	103	28.3	26.4	29.8	29.5	6.2	273	626.15
2024-07-05 10:00:00	104	26.3	24.5	27.8	58.8	1.4	203	210.15
2024-07-05 09:50:00	106	26.5	24.7	28.3	36.1	0.4	296	244.45
2024-07-05 10:00:00	3	27.8	27.4	28.4	81.9	0.6	264	566.5
2024-07-05 10:00:00	6	33.6	33.3	33.8	25.1	3.8	352	705.8
2024-07-05 10:00:00	16	33.3	33.1	33.6	20.9	4.1	322	695.1
2024-07-05 09:50:00	20	32.6	32.3	32.8	32.5	0.4	200	632.6
2024-07-05 10:10:00	27	33.6	33.3	33.9	19.6	1.7	314	615.9
2024-07-05 10:10:00	29	24.1	24	24.3	28.8	2.4	40	747.6
2024-07-05 10:10:00	43	29.9	29.4	30.5	29	0.6	163	437.6
2024-07-05 10:10:00	49	32	31.9	32.1	48.1	2.6	27	525.3
2024-07-05 10:10:00	51	33.7	33.5	33.9	19.9	1.3	283	765
2024-07-05 10:10:00	67	34.6	34.2	35.2	10.8	5.8	333	736.1
2024-07-05 10:10:00	76	28.3	28	28.7	42.1	2.7	108	707.85
2024-07-05 10:10:00	80	32.4	32.2	32.6	13.7	1.3	69	710.75
2024-07-05 10:10:00	82	30.8	30.6	31	42.7	2.3	186	727.45
2024-07-05 10:10:00	87	29.7	29.4	29.9	19.8	5.4	244	579.05
2024-07-05 10:10:00	89	28.1	27.9	28.2	86.4	1.3	57	300.65
2024-07-05 10:10:00	92	28.1	26.7	30	46.7	0	0	0.0
2024-07-05 10:10:00	97	27	25.4	28.4	48.8	1.2	151	13.5
2024-07-05 10:10:00	98	29.2	28	30.6	51.9	1	130	647.8
2024-07-05 10:10:00	99	29.7	28.5	30.6	33	1.9	345	15.0
2024-07-05 10:10:00	100	31.5	29.2	33.5	37	1.3	160	726.45
2024-07-05 10:10:00	101	27.6	26.3	28.9	34.4	2.3	115	14.5
2024-07-05 10:10:00	102	29.1	27.6	30.2	39.9	2.3	136	742.85
2024-07-05 10:10:00	103	28.5	26.8	29.8	30.9	6.2	271	664.15
2024-07-05 10:10:00	104	26.1	24.2	28	61.3	0.5	234	227.85
2024-07-05 10:10:00	106	25.2	22.6	27.8	43.9	0.8	327	335.9
2024-07-05 10:20:00	3	27.8	27.5	28.2	81.3	0.6	124	496.8
2024-07-05 10:20:00	6	34.4	34.3	34.6	23.9	3.8	347	736
2024-07-05 10:20:00	16	33.9	33.6	34.2	19.9	6.1	327	732.3
2024-07-05 10:20:00	20	33	32.8	33.2	32	0.8	21	692.5
2024-07-05 10:20:00	27	33.9	33.7	34.1	19.8	1.7	300	631
2024-07-05 10:20:00	29	24	23.8	24.1	29	2.5	27	781.1
2024-07-05 10:20:00	43	30.9	30.5	31.2	26.4	1	231	445.2
2024-07-05 10:20:00	49	32.1	32	32.3	47.1	2.8	31	537.8
2024-07-05 10:20:00	51	33.5	33.2	33.7	19.6	1.5	192	706.9
2024-07-05 10:20:00	67	35.2	34.8	35.4	9.4	5.8	332	753.15
2024-07-05 10:20:00	76	28.6	28.5	28.9	40.7	2.6	93	725.25
2024-07-05 10:20:00	80	32.7	32.5	32.9	10.1	1.7	62	730.85
2024-07-05 10:20:00	82	30.8	30.7	31	39.3	3.2	193	746.35
2024-07-05 10:20:00	87	29.9	29.7	30.2	19.1	4.9	252	601.15
2024-07-05 10:20:00	89	28.5	28.2	28.7	84.3	0.9	50	290.85
2024-07-05 10:20:00	92	29.7	28.4	31.6	43.2	0	0	0.0
2024-07-05 10:20:00	97	26.9	25.6	28.6	47.6	1.3	154	13.5
2024-07-05 10:20:00	98	29.1	27.8	30.6	54.4	1.4	116	704.6
2024-07-05 10:20:00	99	30.2	28.6	31.3	29.9	1.1	59	15.5
2024-07-05 10:20:00	100	31.6	30	33	39.2	1.3	180	741.6
2024-07-05 10:20:00	101	27.6	26.2	28.9	36.4	1.2	159	14.5
2024-07-05 10:20:00	102	28.9	27.6	30.2	39.3	1.8	135	753.9
2024-07-05 10:20:00	103	29	27.4	30.5	29.3	7.5	278	759.95
2024-07-05 10:20:00	104	26.5	24.5	28.1	58.5	0.3	314	194.9
2024-07-05 10:20:00	106	26.2	24.3	27.8	35.6	1.4	329	209.65
2024-07-05 10:30:00	3	28.2	28.1	28.3	79.6	0.7	132	403.5
2024-07-05 10:30:00	6	34.8	34.6	34.9	23.4	3.5	347	751
2024-07-05 10:30:00	16	34.1	33.7	34.3	19.6	6.6	315	751.5
2024-07-05 10:20:00	20	33	32.8	33.2	32	0.8	21	692.5
2024-07-05 10:30:00	27	34.3	34.1	34.4	19.4	1.8	318	647.1
2024-07-05 10:30:00	29	24	23.9	24.1	28.2	1.9	25	797.2
2024-07-05 10:30:00	43	31.1	30.8	31.2	25.3	1.5	199	353.1
2024-07-05 10:30:00	49	32.5	32.3	32.7	46.8	2.5	28	549.3
2024-07-05 10:30:00	51	33.8	33.6	34.1	19.2	1.4	61	794.4
2024-07-05 10:30:00	67	35.3	35.1	35.6	10.2	6.6	334	769.75
2024-07-05 10:30:00	76	29.1	28.9	29.4	40.5	2.3	124	657.3
2024-07-05 10:30:00	80	32.7	32.5	33	6.2	2.2	95	748.45
2024-07-05 10:30:00	82	31	30.8	31.2	40.6	2.5	180	774.2
2024-07-05 10:30:00	87	30.4	30.3	30.5	17.5	5.2	250	610.4
2024-07-05 10:30:00	89	29.1	28.7	29.7	83.3	0.8	60	397.2
2024-07-05 10:30:00	92	30	28.7	30.9	40	0	0	0.0
2024-07-05 10:30:00	97	27.4	25.8	29.1	47	1.2	176	14.0
2024-07-05 10:30:00	98	29.3	28	31.1	54.1	1.3	135	725.65
2024-07-05 10:30:00	99	30.5	29.1	31.4	30	2.6	147	15.5
2024-07-05 10:30:00	100	32.2	30.7	33.3	38	1.5	179	690.3
2024-07-05 10:20:00	101	27.6	26.2	28.9	36.4	1.2	159	14.5
2024-07-05 10:30:00	102	29.3	27.9	30.8	37.1	1.8	145	772.15
2024-07-05 10:30:00	103	28.6	27.3	30.3	31.5	6.1	283	645.5
2024-07-05 10:30:00	104	26.4	24.7	28	64	0.4	268	204.9
2024-07-05 10:30:00	106	26.6	24.5	28.4	32.6	0.9	347	265.25
2024-07-05 10:40:00	3	28.5	28.2	28.9	77.9	1	99	691.1
2024-07-05 10:40:00	6	35.1	34.9	35.4	23.2	3.2	349	769.5
2024-07-05 10:50:00	16	34.3	34	34.9	19.3	6.4	317	775.3
2024-07-05 10:40:00	20	33.5	33.4	33.7	32.6	1	353	726.4
2024-07-05 10:40:00	27	34.4	34.2	34.5	19.2	2	327	663.9
2024-07-05 10:40:00	29	24.2	24.1	24.4	30	2.2	46	660.3
2024-07-05 10:40:00	43	30.5	30.3	30.8	26.9	1.5	216	173.4
2024-07-05 10:50:00	49	33	32.8	33.1	42.7	2.8	34	572.3
2024-07-05 10:40:00	51	34.1	33.8	34.3	18.4	1.9	314	814.7
2024-07-05 10:50:00	67	35.7	35.5	36	9.6	7	343	799.15
2024-07-05 10:40:00	76	29.1	28.8	29.4	39.3	2.7	120	751.75
2024-07-05 10:40:00	80	33.1	32.6	33.3	5.1	2.2	107	759.5
2024-07-05 10:40:00	82	31.3	31.1	31.4	39.1	2.8	177	790.8
2024-07-05 10:40:00	87	30.5	30.4	30.9	17	4.9	247	621.2
2024-07-05 10:40:00	89	29.5	29.5	29.7	74.1	1.2	17	235.4
2024-07-05 10:40:00	92	29.6	28.4	30.6	40.4	0	0	0.0
2024-07-05 10:40:00	97	27.4	26.2	29	47.6	1.4	164	14.0
2024-07-05 10:40:00	98	29.6	28.5	30.8	54	1.4	126	690.95
2024-07-05 10:40:00	99	30.9	29.7	32.4	30.5	1.5	199	15.5
2024-07-05 10:40:00	100	31.7	30.6	33.1	38.5	1.8	180	610.1
2024-07-05 10:40:00	102	29	27.8	30.7	34.2	2.2	133	789.15
2024-07-05 10:40:00	103	28.8	27.5	30.3	31.8	5.8	284	687.3
2024-07-05 10:40:00	104	26.8	24.8	29.1	58	0.4	303	297.75
2024-07-05 10:40:00	106	26.7	25	29	34.1	0.5	351	362.75
2024-07-05 10:50:00	3	29.2	28.9	29.8	72.1	0.8	101	673.4
2024-07-05 10:50:00	6	35.6	35.4	35.8	22.1	3.5	347	786.6
2024-07-05 10:50:00	16	34.3	34	34.9	19.3	6.4	317	775.3
2024-07-05 10:50:00	20	33.9	33.6	34.1	31.6	0.8	275	740.2
2024-07-05 10:50:00	27	34.9	34.5	35.2	18.1	2	342	678.1
2024-07-05 10:50:00	29	24.4	24.2	24.6	28.9	2	26	763
2024-07-05 10:50:00	43	30.4	30.2	30.8	28.3	1	264	403.8
2024-07-05 10:50:00	49	33	32.8	33.1	42.7	2.8	34	572.3
2024-07-05 10:50:00	51	34.4	34.2	34.5	17.8	2.4	308	831.8
2024-07-05 10:50:00	67	35.7	35.5	36	9.6	7	343	799.15
2024-07-05 10:50:00	76	29.2	29.1	29.4	38.5	2.8	124	764.3
2024-07-05 10:50:00	80	33.2	33	33.5	4.7	2.7	83	772.75
2024-07-05 10:50:00	82	31.2	31.1	31.5	40.3	2.6	194	801.55
2024-07-05 10:50:00	87	31.1	30.8	31.6	15.7	4.5	252	634.25
2024-07-05 10:50:00	89	29.9	29.5	30.2	54	1.3	342	494.35
2024-07-05 10:50:00	92	29.7	28.6	30.9	40.5	0	0	0.0
2024-07-05 11:00:00	97	27.6	26.2	29.2	48.7	1.4	164	14.0
2024-07-05 10:50:00	98	29.8	28.6	31.2	54.1	1.3	120	637.65
2024-07-05 10:50:00	99	30.7	29.7	31.9	30.5	2.3	174	15.5
2024-07-05 10:50:00	100	32.2	30.8	33.5	38.8	1.8	176	768.6
2024-07-05 10:50:00	102	29.7	28.3	31.1	36.8	1.9	159	721.85
2024-07-05 10:50:00	103	29.3	28	30.2	31.6	6.3	287	806.45
2024-07-05 10:50:00	104	27.7	25.7	30.1	54.5	0.4	122	273.85
2024-07-05 10:50:00	106	27.1	25.4	28.9	32.4	0.5	354	286.45
2024-07-05 11:00:00	3	30.4	29.8	31.1	63.8	1	149	821.1
2024-07-05 11:00:00	6	35.9	35.8	36	21.4	3.5	349	797
2024-07-05 11:00:00	16	34.3	34.1	34.6	19.3	5.2	355	785.7
2024-07-05 11:00:00	20	34.2	34	34.3	28.7	0.8	211	757.4
2024-07-05 11:00:00	27	35	34.8	35.2	16.9	2.5	22	693
2024-07-05 11:00:00	29	23.8	23.2	24.3	31	2.2	30	248.4
2024-07-05 11:00:00	43	31.6	30.8	32.6	23.2	1.6	257	822.4
2024-07-05 11:10:00	49	33.7	33.4	33.9	38.8	3.1	32	593.6
2024-07-05 11:00:00	51	34.2	33.9	34.7	17.7	2.1	328	848.6
2024-07-05 11:00:00	67	36	35.7	36.2	9.6	6.9	346	813.6
2024-07-05 11:00:00	76	29.7	29.2	29.9	37.2	1.5	94	775.85
2024-07-05 11:10:00	80	34	33.4	34.6	0.8	1	145	790.85
2024-07-05 11:00:00	82	31.8	31.5	32.2	38.9	2.4	211	817.0
2024-07-05 11:00:00	87	31.7	31.5	31.9	11.9	4.6	265	617.35
2024-07-05 11:00:00	89	30.3	30.2	30.8	38.6	1.2	344	472.35
2024-07-05 11:00:00	92	29.2	28.3	30.3	39.8	0	0	0.0
2024-07-05 11:00:00	97	27.6	26.2	29.2	48.7	1.4	164	14.0
2024-07-05 11:00:00	98	29.1	28	30.6	57.9	1.1	134	347.3
2024-07-05 11:10:00	99	30.8	29.5	32	34.7	2.7	183	16.0
2024-07-05 11:00:00	100	31.9	29.6	33.4	39.7	1.7	190	786.35
2024-07-05 11:00:00	102	29.7	28.3	30.9	36.5	1.5	141	806.35
2024-07-05 11:00:00	103	29.2	27.6	30.3	31.8	6.3	291	722.2
2024-07-05 11:10:00	104	28.6	26.8	30.6	49.6	0.6	139	436.15
2024-07-05 11:10:00	106	27.1	25.3	28.6	37	0.3	24	241.15
