3;    40.68666666666667;	 71.62305555555555;	03_Ulugnar
6;    39.492666666666665;	 63.83888888888889;	06_Karakul
8;    38.254555555555555;	 66.82722222222222;	08_Akrabat
16;   41.75856944444445;	 64.62138888888889;	16_Tamdy
24;   38.017722222222226;	 67.80027777777778;	24_Shurchi
27;   40.26636111111111;	 68.83305555555556;	27_Yangier
43;   40.37258333333333;	 71.77875;	43_Fergana_markaz
51;   41.32797222222222;	 69.29527777777778;	51_Tashkent-Observatory
67;   39.4995;	 64.831;	55_Qaravulbazar
76;   41.28958333333333;	 71.54027777777777;	64_Kasansay
80;   39.75805555555556;	 66.91527777777777;	68_Dagbit
82;   38.33861111111111;	 67.90555555555555;	70_Denau
87;   40.918194444444445;	 69.83611111111111;	75_Akhangaran
98;  40.98433333333333;	 71.47441388888889;	119_Turakurgan
100;  41.147;	 72.10116666666667;	121_Uchkurgan
102;  41.078722222222225;	 71.22258333333333;	123_Chust
103;  40.32091666666667;	 71.00477777777778;	124_Dasht
104;  40.67761111111111;	 71.76794444444444;	125_Mezon
106;  40.17177777777778;	 71.73147222222222;	127_Vodil
12;   41.75188333333333;	 62.468333333333334;	12_Buzaubay
13;   41.054;	 65.28133333333334;	13_Mashikuduk
14;   40.545091666666664;	 65.74944444444445;	14_Nurata
15;   40.73313888888889;	 66.41111111111111;	15_Sentob-Nurata
19;   40.77611111111111;	 73.00777777777778;	19_Xonobod
22;   38.20916666666667;	 67.20555555555555;	22_Baysun
26;   40.812;	 68.68333333333334;	26_Syrdarya
33;   40.86805555555556;	 69.5665;	33_Almalik
34;   41.01188888888889;	 70.09944444444444;	34_Angren
35;   40.20783055555555;	 69.26666666666667;	35_Bekabad
36;   40.407666666666664;	 69.28333333333333;	36_Dalverzin
39;   41.15851388888889;	 70.07555555555555;	39_Dukant
40;   41.08166666666666;	 69.01772777777778;	40_Yangiyul
41;   41.24458055555556;	 69.81805555555556;	41_Sukok
42;   41.05352777777778;	 69.35780555555556;	42_Nurafshon
44;   40.55013888888889;	 70.95013888888889;	44_Kokand
45;   40.57497222222222;	 72.06695833333333;	45_Kuva
47;   39.95788888888889;	 71.77133333333333;	47_Shahimardan
56;  39.07044444444445;	 66.83366666666667;	104_Shakhrisyabz
59;  39.722944444444444;	 68.00561111111111;	107_Bakhmal
60;  40.035472222222225;	 67.57672222222222;	108_Gallaaral
63;  40.00805555555556;	 68.42980555555556;	111_Zomin
64;  40.42552777777778;	 67.1776111111111;	112_Yangikishlak
68;   39.90738888888889;	 64.27;	56_Romitan
69;   40.16538888888889;	 67.83444444444444;	57_Jizzax_markaz
70;   40.77536111111111;	 67.57713888888888;	58_Garbiy_Arnasoy
71;   37.66583333333333;	 67.01027777777777;	59_Sherabad
73;   41.00525;	 71.67616666666666;	61_Namangan_markaz
74;   40.87844444444445;	 71.11166666666666;	62_Pop
75;   41.08513055555556;	 70.53639166666666;	63_Qamchiq
77;   41.1635;	 70.45836111111112;	65_Orzu
78;   41.07790277777778;	 70.68461388888889;	66_Chodak
79;   40.92641388888889;	 71.87139722222223;	67_Uchtepa
81;   39.99333333333333;	 66.83611111111111;	69_Payarik
84;   40.50527777777778;	 68.79377777777778;	72_Gulistan
86;   41.58327777777778;	 64.21172222222222;	74_Zarafshan
88;   40.298611111111114;	 71.90777777777778;	76_Kuvasay
89;   40.51694444444445;	 71.44277777777778;	77_Altyarik
90;   40.57319444444445;	 70.57916666666667;	78_Besharik
91;   41.54938888888889;	 60.660472222222225;	79_Khorezm_markaz
92;  40.67744444444445;	 72.23;	113_Asaka
93;  40.909194444444445;	 72.29480555555556;	114_Izbosgan
96;  40.773722222222226;	 72.20277777777778;	117_Oltinqol
97;  40.92634722222222;	 71.87170833333333;	118_Gova
99;  41.1591;	 71.80780833333333;	120_Art Soft
101;  41.331472222222224;	 71.68422222222222;	122_Yangikurgan
